lego_bricks
1, 3034, Green
2, 3004, Gray
4, 3659, Light-Gray
5, 3659, Light-Gray
6, 3004, Gray
8, 2456, Gray
9, 3004, Light-Gray
10, 3004, Light-Gray
11, 3003, Light-Gray
12, 3062, Brown
13, 3062, Brown
14, 3040, Purple
15, 3040, Purple
occupied_space
0, [0, 0, 0, 1], [0, 1, 0, 1], [0, 2, 0, 1], [0, 3, 0, 1], [0, 4, 0, 1], [0, 5, 0, 1], [0, 6, 0, 1], [0, 7, 0, 1], [1, 0, 0, 1], [1, 1, 0, 1], [1, 2, 0, 1], [1, 3, 0, 1], [1, 4, 0, 1], [1, 5, 0, 1], [1, 6, 0, 1], [1, 7, 0, 1]
1, [0, 1, 1, 2], [1, 1, 1, 2], [0, 2, 1, 4], [0, 5, 1, 4], [1, 2, 1, 5], [1, 5, 1, 5], [0, 6, 1, 6], [1, 6, 1, 6]
2, [0, 1, 2, 2], [1, 1, 2, 2], [0, 2, 2, 4], [0, 5, 2, 4], [1, 2, 2, 5], [1, 5, 2, 5], [0, 6, 2, 6], [1, 6, 2, 6]
3, [0, 1, 3, 2], [1, 1, 3, 2], [0, 2, 3, 4], [0, 3, 3, 4], [0, 4, 3, 4], [0, 5, 3, 4], [1, 2, 3, 5], [1, 3, 3, 5], [1, 4, 3, 5], [1, 5, 3, 5], [0, 6, 3, 6], [1, 6, 3, 6]
4, [0, 1, 4, 8], [0, 2, 4, 8], [0, 3, 4, 8], [0, 4, 4, 8], [0, 5, 4, 8], [0, 6, 4, 8], [1, 1, 4, 8], [1, 2, 4, 8], [1, 3, 4, 8], [1, 4, 4, 8], [1, 5, 4, 8], [1, 6, 4, 8]
5, [0, 1, 5, 8], [0, 2, 5, 8], [0, 3, 5, 8], [0, 4, 5, 8], [0, 5, 5, 8], [0, 6, 5, 8], [1, 1, 5, 8], [1, 2, 5, 8], [1, 3, 5, 8], [1, 4, 5, 8], [1, 5, 5, 8], [1, 6, 5, 8]
6, [0, 1, 6, 8], [0, 2, 6, 8], [0, 3, 6, 8], [0, 4, 6, 8], [0, 5, 6, 8], [0, 6, 6, 8], [1, 1, 6, 8], [1, 2, 6, 8], [1, 3, 6, 8], [1, 4, 6, 8], [1, 5, 6, 8], [1, 6, 6, 8]
7, [0, 1, 7, 9], [1, 1, 7, 9], [0, 6, 7, 10], [1, 6, 7, 10], [0, 3, 7, 11], [0, 4, 7, 11], [1, 3, 7, 11], [1, 4, 7, 11]
8, [0, 1, 8, 9], [1, 1, 8, 9], [0, 6, 8, 10], [1, 6, 8, 10], [0, 3, 8, 11], [0, 4, 8, 11], [1, 3, 8, 11], [1, 4, 8, 11]
9, [0, 1, 9, 9], [1, 1, 9, 9], [0, 6, 9, 10], [1, 6, 9, 10], [0, 3, 9, 11], [0, 4, 9, 11], [1, 3, 9, 11], [1, 4, 9, 11]
10, [1, 1, 10, 12], [1, 6, 10, 13]
11, [1, 1, 11, 12], [1, 6, 11, 13]
12, [1, 1, 12, 12], [1, 6, 12, 13]
13, [1, 6, 13, 14], [2, 6, 13, 14], [1, 1, 13, 15], [2, 1, 13, 15]
14, [1, 6, 14, 14], [2, 6, 14, 14], [1, 1, 14, 15], [2, 1, 14, 15]
15, [2, 6, 15, 14], [2, 1, 15, 15]
occupied_studs
1, [0, 0, 1, 1, 0], [0, 1, 1, 1, 2], [0, 2, 1, 1, 4], [0, 3, 1, 1, 4], [0, 4, 1, 1, 4], [0, 5, 1, 1, 4], [0, 6, 1, 1, 6], [0, 7, 1, 1, 0], [1, 0, 1, 1, 0], [1, 1, 1, 1, 2], [1, 2, 1, 1, 5], [1, 3, 1, 1, 5], [1, 4, 1, 1, 5], [1, 5, 1, 1, 5], [1, 6, 1, 1, 6], [1, 7, 1, 1, 0]
4, [0, 1, 4, 2, 8], [1, 1, 4, 2, 8], [0, 2, 4, 4, 8], [0, 3, 4, 4, 8], [0, 4, 4, 4, 8], [0, 5, 4, 4, 8], [1, 2, 4, 5, 8], [1, 3, 4, 5, 8], [1, 4, 4, 5, 8], [1, 5, 4, 5, 8], [0, 6, 4, 6, 8], [1, 6, 4, 6, 8]
7, [0, 1, 7, 8, 9], [0, 2, 7, 8, 0], [0, 3, 7, 8, 11], [0, 4, 7, 8, 11], [0, 5, 7, 8, 0], [0, 6, 7, 8, 10], [1, 1, 7, 8, 9], [1, 2, 7, 8, 0], [1, 3, 7, 8, 11], [1, 4, 7, 8, 11], [1, 5, 7, 8, 0], [1, 6, 7, 8, 10]
10, [0, 1, 10, 9, 0], [1, 1, 10, 9, 12], [0, 6, 10, 10, 0], [1, 6, 10, 10, 13], [0, 3, 10, 11, 0], [0, 4, 10, 11, 0], [1, 3, 10, 11, 0], [1, 4, 10, 11, 0]
13, [1, 1, 13, 12, 15], [1, 6, 13, 13, 14]
16, [2, 6, 16, 14, 0], [2, 1, 16, 15, 0]
occupied_tubes
0, [0, 0, 0, 1, 0], [0, 1, 0, 1, 0], [0, 2, 0, 1, 0], [0, 3, 0, 1, 0], [0, 4, 0, 1, 0], [0, 5, 0, 1, 0], [0, 6, 0, 1, 0], [0, 7, 0, 1, 0], [1, 0, 0, 1, 0], [1, 1, 0, 1, 0], [1, 2, 0, 1, 0], [1, 3, 0, 1, 0], [1, 4, 0, 1, 0], [1, 5, 0, 1, 0], [1, 6, 0, 1, 0], [1, 7, 0, 1, 0]
1, [0, 1, 1, 2, 1], [1, 1, 1, 2, 1], [0, 2, 1, 4, 1], [0, 3, 1, 4, 1], [0, 4, 1, 4, 1], [0, 5, 1, 4, 1], [1, 2, 1, 5, 1], [1, 3, 1, 5, 1], [1, 4, 1, 5, 1], [1, 5, 1, 5, 1], [0, 6, 1, 6, 1], [1, 6, 1, 6, 1]
4, [0, 1, 4, 8, 2], [0, 2, 4, 8, 4], [0, 3, 4, 8, 4], [0, 4, 4, 8, 4], [0, 5, 4, 8, 4], [0, 6, 4, 8, 6], [1, 1, 4, 8, 2], [1, 2, 4, 8, 5], [1, 3, 4, 8, 5], [1, 4, 4, 8, 5], [1, 5, 4, 8, 5], [1, 6, 4, 8, 6]
7, [0, 1, 7, 9, 8], [1, 1, 7, 9, 8], [0, 6, 7, 10, 8], [1, 6, 7, 10, 8], [0, 3, 7, 11, 8], [0, 4, 7, 11, 8], [1, 3, 7, 11, 8], [1, 4, 7, 11, 8]
10, [1, 1, 10, 12, 9], [1, 6, 10, 13, 10]
13, [1, 6, 13, 14, 13], [2, 6, 13, 14, 0], [1, 1, 13, 15, 12], [2, 1, 13, 15, 0]
image_path
configurations\\placeholder.jpg
