lego_bricks
1, 3010, Green
2, 3010, Green
3, 3010, Green
4, 3010, Green
9, 3002, Green
10, 3010, Green
11, 3010, Green
12, 3010, Green
13, 3010, Green
14, 3002, Green
15, 3003, Green
16, 3039, Green
17, 3003, Green
18, 3004, Green
occupied_space
0, [0, 3, 0, 1], [0, 4, 0, 1], [0, 5, 0, 1], [0, 6, 0, 1], [1, 3, 0, 2], [1, 4, 0, 2], [1, 5, 0, 2], [1, 6, 0, 2], [1, 8, 0, 3], [1, 9, 0, 3], [1, 10, 0, 3], [1, 11, 0, 3], [0, 8, 0, 4], [0, 9, 0, 4], [0, 10, 0, 4], [0, 11, 0, 4]
1, [0, 3, 1, 1], [0, 4, 1, 1], [0, 5, 1, 1], [0, 6, 1, 1], [1, 3, 1, 2], [1, 4, 1, 2], [1, 5, 1, 2], [1, 6, 1, 2], [1, 8, 1, 3], [1, 9, 1, 3], [1, 10, 1, 3], [1, 11, 1, 3], [0, 8, 1, 4], [0, 9, 1, 4], [0, 10, 1, 4], [0, 11, 1, 4]
2, [0, 3, 2, 1], [0, 4, 2, 1], [0, 5, 2, 1], [0, 6, 2, 1], [1, 3, 2, 2], [1, 4, 2, 2], [1, 5, 2, 2], [1, 6, 2, 2], [1, 8, 2, 3], [1, 9, 2, 3], [1, 10, 2, 3], [1, 11, 2, 3], [0, 8, 2, 4], [0, 9, 2, 4], [0, 10, 2, 4], [0, 11, 2, 4]
3, [0, 1, 3, 9], [0, 2, 3, 9], [0, 3, 3, 9], [1, 1, 3, 9], [1, 2, 3, 9], [1, 3, 3, 9], [0, 5, 3, 10], [0, 6, 3, 10], [0, 7, 3, 10], [0, 8, 3, 10], [1, 5, 3, 11], [1, 6, 3, 11], [1, 7, 3, 11], [1, 8, 3, 11], [0, 10, 3, 12], [0, 11, 3, 12], [0, 12, 3, 12], [0, 13, 3, 12], [1, 10, 3, 13], [1, 11, 3, 13], [1, 12, 3, 13], [1, 13, 3, 13]
4, [0, 1, 4, 9], [0, 2, 4, 9], [0, 3, 4, 9], [1, 1, 4, 9], [1, 2, 4, 9], [1, 3, 4, 9], [0, 5, 4, 10], [0, 6, 4, 10], [0, 7, 4, 10], [0, 8, 4, 10], [1, 5, 4, 11], [1, 6, 4, 11], [1, 7, 4, 11], [1, 8, 4, 11], [0, 10, 4, 12], [0, 11, 4, 12], [0, 12, 4, 12], [0, 13, 4, 12], [1, 10, 4, 13], [1, 11, 4, 13], [1, 12, 4, 13], [1, 13, 4, 13]
5, [0, 1, 5, 9], [0, 2, 5, 9], [0, 3, 5, 9], [1, 1, 5, 9], [1, 2, 5, 9], [1, 3, 5, 9], [0, 5, 5, 10], [0, 6, 5, 10], [0, 7, 5, 10], [0, 8, 5, 10], [1, 5, 5, 11], [1, 6, 5, 11], [1, 7, 5, 11], [1, 8, 5, 11], [0, 10, 5, 12], [0, 11, 5, 12], [0, 12, 5, 12], [0, 13, 5, 12], [1, 10, 5, 13], [1, 11, 5, 13], [1, 12, 5, 13], [1, 13, 5, 13]
6, [0, 1, 6, 14], [0, 2, 6, 14], [0, 3, 6, 14], [1, 1, 6, 14], [1, 2, 6, 14], [1, 3, 6, 14], [0, 6, 6, 15], [0, 7, 6, 15], [1, 6, 6, 15], [1, 7, 6, 15], [0, 13, 6, 16], [0, 14, 6, 16], [1, 13, 6, 16], [1, 14, 6, 16]
7, [0, 1, 7, 14], [0, 2, 7, 14], [0, 3, 7, 14], [1, 1, 7, 14], [1, 2, 7, 14], [1, 3, 7, 14], [0, 6, 7, 15], [0, 7, 7, 15], [1, 6, 7, 15], [1, 7, 7, 15], [0, 13, 7, 16], [0, 14, 7, 16], [1, 13, 7, 16], [1, 14, 7, 16]
8, [0, 1, 8, 14], [0, 2, 8, 14], [0, 3, 8, 14], [1, 1, 8, 14], [1, 2, 8, 14], [1, 3, 8, 14], [0, 6, 8, 15], [0, 7, 8, 15], [1, 6, 8, 15], [1, 7, 8, 15], [0, 14, 8, 16], [1, 14, 8, 16]
9, [0, 0, 9, 17], [0, 1, 9, 17], [1, 0, 9, 17], [1, 1, 9, 17], [0, 2, 9, 18], [1, 2, 9, 18]
10, [0, 0, 10, 17], [0, 1, 10, 17], [1, 0, 10, 17], [1, 1, 10, 17], [0, 2, 10, 18], [1, 2, 10, 18]
11, [0, 0, 11, 17], [0, 1, 11, 17], [1, 0, 11, 17], [1, 1, 11, 17], [0, 2, 11, 18], [1, 2, 11, 18]
occupied_studs
3, [0, 3, 3, 1, 9], [0, 4, 3, 1, 0], [0, 5, 3, 1, 10], [0, 6, 3, 1, 10], [1, 3, 3, 2, 9], [1, 4, 3, 2, 0], [1, 5, 3, 2, 11], [1, 6, 3, 2, 11], [1, 8, 3, 3, 11], [1, 9, 3, 3, 0], [1, 10, 3, 3, 13], [1, 11, 3, 3, 13], [0, 8, 3, 4, 10], [0, 9, 3, 4, 0], [0, 10, 3, 4, 12], [0, 11, 3, 4, 12]
6, [0, 1, 6, 9, 14], [0, 2, 6, 9, 14], [0, 3, 6, 9, 14], [1, 1, 6, 9, 14], [1, 2, 6, 9, 14], [1, 3, 6, 9, 14], [0, 5, 6, 10, 0], [0, 6, 6, 10, 15], [0, 7, 6, 10, 15], [0, 8, 6, 10, 0], [1, 5, 6, 11, 0], [1, 6, 6, 11, 15], [1, 7, 6, 11, 15], [1, 8, 6, 11, 0], [0, 10, 6, 12, 0], [0, 11, 6, 12, 0], [0, 12, 6, 12, 0], [0, 13, 6, 12, 16], [1, 10, 6, 13, 0], [1, 11, 6, 13, 0], [1, 12, 6, 13, 0], [1, 13, 6, 13, 16]
9, [0, 1, 9, 14, 17], [0, 2, 9, 14, 18], [0, 3, 9, 14, 0], [1, 1, 9, 14, 17], [1, 2, 9, 14, 18], [1, 3, 9, 14, 0], [0, 6, 9, 15, 0], [0, 7, 9, 15, 0], [1, 6, 9, 15, 0], [1, 7, 9, 15, 0], [0, 14, 9, 16, 0], [1, 14, 9, 16, 0]
12, [0, 0, 12, 17, 0], [0, 1, 12, 17, 0], [1, 0, 12, 17, 0], [1, 1, 12, 17, 0], [0, 2, 12, 18, 0], [1, 2, 12, 18, 0]
occupied_tubes
0, [0, 3, 0, 1, 0], [0, 4, 0, 1, 0], [0, 5, 0, 1, 0], [0, 6, 0, 1, 0], [1, 3, 0, 2, 0], [1, 4, 0, 2, 0], [1, 5, 0, 2, 0], [1, 6, 0, 2, 0], [1, 8, 0, 3, 0], [1, 9, 0, 3, 0], [1, 10, 0, 3, 0], [1, 11, 0, 3, 0], [0, 8, 0, 4, 0], [0, 9, 0, 4, 0], [0, 10, 0, 4, 0], [0, 11, 0, 4, 0]
3, [0, 1, 3, 9, 0], [0, 2, 3, 9, 0], [0, 3, 3, 9, 1], [1, 1, 3, 9, 0], [1, 2, 3, 9, 0], [1, 3, 3, 9, 2], [0, 5, 3, 10, 1], [0, 6, 3, 10, 1], [0, 7, 3, 10, 0], [0, 8, 3, 10, 4], [1, 5, 3, 11, 2], [1, 6, 3, 11, 2], [1, 7, 3, 11, 0], [1, 8, 3, 11, 3], [0, 10, 3, 12, 4], [0, 11, 3, 12, 4], [0, 12, 3, 12, 0], [0, 13, 3, 12, 0], [1, 10, 3, 13, 3], [1, 11, 3, 13, 3], [1, 12, 3, 13, 0], [1, 13, 3, 13, 0]
6, [0, 1, 6, 14, 9], [0, 2, 6, 14, 9], [0, 3, 6, 14, 9], [1, 1, 6, 14, 9], [1, 2, 6, 14, 9], [1, 3, 6, 14, 9], [0, 6, 6, 15, 10], [0, 7, 6, 15, 10], [1, 6, 6, 15, 11], [1, 7, 6, 15, 11], [0, 13, 6, 16, 12], [0, 14, 6, 16, 0], [1, 13, 6, 16, 13], [1, 14, 6, 16, 0]
9, [0, 0, 9, 17, 0], [0, 1, 9, 17, 14], [1, 0, 9, 17, 0], [1, 1, 9, 17, 14], [0, 2, 9, 18, 14], [1, 2, 9, 18, 14]
image_path
configurations\\placeholder.jpg
