lego_bricks
1, 3003, Brown
2, 3003, Brown
3, 3003, Brown
4, 3003, Brown
5, 3003, Brown
6, 3003, Brown
7, 3001, Brown
8, 3003, Brown
9, 3003, Brown
10, 3003, Brown
11, 3020, Yellow
12, 3039, Yellow
13, 3004, Yellow
occupied_space
0, [0, 2, 0, 1], [0, 3, 0, 1], [1, 2, 0, 1], [1, 3, 0, 1], [0, 5, 0, 2], [0, 6, 0, 2], [1, 5, 0, 2], [1, 6, 0, 2]
1, [0, 2, 1, 1], [0, 3, 1, 1], [1, 2, 1, 1], [1, 3, 1, 1], [0, 5, 1, 2], [0, 6, 1, 2], [1, 5, 1, 2], [1, 6, 1, 2]
2, [0, 2, 2, 1], [0, 3, 2, 1], [1, 2, 2, 1], [1, 3, 2, 1], [0, 5, 2, 2], [0, 6, 2, 2], [1, 5, 2, 2], [1, 6, 2, 2]
3, [0, 5, 3, 3], [0, 6, 3, 3], [1, 5, 3, 3], [1, 6, 3, 3], [0, 2, 3, 4], [0, 3, 3, 4], [1, 2, 3, 4], [1, 3, 3, 4]
4, [0, 5, 4, 3], [0, 6, 4, 3], [1, 5, 4, 3], [1, 6, 4, 3], [0, 2, 4, 4], [0, 3, 4, 4], [1, 2, 4, 4], [1, 3, 4, 4]
5, [0, 5, 5, 3], [0, 6, 5, 3], [1, 5, 5, 3], [1, 6, 5, 3], [0, 2, 5, 4], [0, 3, 5, 4], [1, 2, 5, 4], [1, 3, 5, 4]
6, [0, 2, 6, 5], [0, 3, 6, 5], [1, 2, 6, 5], [1, 3, 6, 5], [0, 5, 6, 6], [0, 6, 6, 6], [1, 5, 6, 6], [1, 6, 6, 6]
7, [0, 2, 7, 5], [0, 3, 7, 5], [1, 2, 7, 5], [1, 3, 7, 5], [0, 5, 7, 6], [0, 6, 7, 6], [1, 5, 7, 6], [1, 6, 7, 6]
8, [0, 2, 8, 5], [0, 3, 8, 5], [1, 2, 8, 5], [1, 3, 8, 5], [0, 5, 8, 6], [0, 6, 8, 6], [1, 5, 8, 6], [1, 6, 8, 6]
9, [0, 2, 9, 7], [0, 3, 9, 7], [0, 4, 9, 7], [0, 5, 9, 7], [1, 2, 9, 7], [1, 3, 9, 7], [1, 4, 9, 7], [1, 5, 9, 7]
10, [0, 2, 10, 7], [0, 3, 10, 7], [0, 4, 10, 7], [0, 5, 10, 7], [1, 2, 10, 7], [1, 3, 10, 7], [1, 4, 10, 7], [1, 5, 10, 7]
11, [0, 2, 11, 7], [0, 3, 11, 7], [0, 4, 11, 7], [0, 5, 11, 7], [1, 2, 11, 7], [1, 3, 11, 7], [1, 4, 11, 7], [1, 5, 11, 7]
12, [0, 2, 12, 8], [0, 3, 12, 8], [1, 2, 12, 8], [1, 3, 12, 8]
13, [0, 2, 13, 8], [0, 3, 13, 8], [1, 2, 13, 8], [1, 3, 13, 8]
14, [0, 2, 14, 8], [0, 3, 14, 8], [1, 2, 14, 8], [1, 3, 14, 8]
15, [0, 2, 15, 9], [0, 3, 15, 9], [1, 2, 15, 9], [1, 3, 15, 9]
16, [0, 2, 16, 9], [0, 3, 16, 9], [1, 2, 16, 9], [1, 3, 16, 9]
17, [0, 2, 17, 9], [0, 3, 17, 9], [1, 2, 17, 9], [1, 3, 17, 9]
18, [0, 2, 18, 10], [0, 3, 18, 10], [1, 2, 18, 10], [1, 3, 18, 10]
19, [0, 2, 19, 10], [0, 3, 19, 10], [1, 2, 19, 10], [1, 3, 19, 10]
20, [0, 2, 20, 10], [0, 3, 20, 10], [1, 2, 20, 10], [1, 3, 20, 10]
21, [0, 0, 21, 11], [0, 1, 21, 11], [0, 2, 21, 11], [0, 3, 21, 11], [1, 0, 21, 11], [1, 1, 21, 11], [1, 2, 21, 11], [1, 3, 21, 11]
22, [0, 0, 22, 12], [0, 1, 22, 12], [1, 0, 22, 12], [1, 1, 22, 12], [1, 3, 22, 13], [0, 3, 22, 13]
23, [0, 0, 23, 12], [0, 1, 23, 12], [1, 0, 23, 12], [1, 1, 23, 12], [1, 3, 23, 13], [0, 3, 23, 13]
24, [0, 1, 24, 12], [1, 1, 24, 12], [1, 3, 24, 13], [0, 3, 24, 13]
occupied_studs
3, [0, 2, 3, 1, 4], [0, 3, 3, 1, 4], [1, 2, 3, 1, 4], [1, 3, 3, 1, 4], [0, 5, 3, 2, 3], [0, 6, 3, 2, 3], [1, 5, 3, 2, 3], [1, 6, 3, 2, 3]
6, [0, 5, 6, 3, 6], [0, 6, 6, 3, 6], [1, 5, 6, 3, 6], [1, 6, 6, 3, 6], [0, 2, 6, 4, 5], [0, 3, 6, 4, 5], [1, 2, 6, 4, 5], [1, 3, 6, 4, 5]
9, [0, 2, 9, 5, 7], [0, 3, 9, 5, 7], [1, 2, 9, 5, 7], [1, 3, 9, 5, 7], [0, 5, 9, 6, 7], [0, 6, 9, 6, 0], [1, 5, 9, 6, 7], [1, 6, 9, 6, 0]
12, [0, 2, 12, 7, 8], [0, 3, 12, 7, 8], [0, 4, 12, 7, 0], [0, 5, 12, 7, 0], [1, 2, 12, 7, 8], [1, 3, 12, 7, 8], [1, 4, 12, 7, 0], [1, 5, 12, 7, 0]
15, [0, 2, 15, 8, 9], [0, 3, 15, 8, 9], [1, 2, 15, 8, 9], [1, 3, 15, 8, 9]
18, [0, 2, 18, 9, 10], [0, 3, 18, 9, 10], [1, 2, 18, 9, 10], [1, 3, 18, 9, 10]
21, [0, 2, 21, 10, 11], [0, 3, 21, 10, 11], [1, 2, 21, 10, 11], [1, 3, 21, 10, 11]
22, [0, 0, 22, 11, 12], [0, 1, 22, 11, 12], [0, 2, 22, 11, 0], [0, 3, 22, 11, 13], [1, 0, 22, 11, 12], [1, 1, 22, 11, 12], [1, 2, 22, 11, 0], [1, 3, 22, 11, 13]
25, [0, 1, 25, 12, 0], [1, 1, 25, 12, 0], [1, 3, 25, 13, 0], [0, 3, 25, 13, 0]
occupied_tubes
0, [0, 2, 0, 1, 0], [0, 3, 0, 1, 0], [1, 2, 0, 1, 0], [1, 3, 0, 1, 0], [0, 5, 0, 2, 0], [0, 6, 0, 2, 0], [1, 5, 0, 2, 0], [1, 6, 0, 2, 0]
3, [0, 5, 3, 3, 2], [0, 6, 3, 3, 2], [1, 5, 3, 3, 2], [1, 6, 3, 3, 2], [0, 2, 3, 4, 1], [0, 3, 3, 4, 1], [1, 2, 3, 4, 1], [1, 3, 3, 4, 1]
6, [0, 2, 6, 5, 4], [0, 3, 6, 5, 4], [1, 2, 6, 5, 4], [1, 3, 6, 5, 4], [0, 5, 6, 6, 3], [0, 6, 6, 6, 3], [1, 5, 6, 6, 3], [1, 6, 6, 6, 3]
9, [0, 2, 9, 7, 5], [0, 3, 9, 7, 5], [0, 4, 9, 7, 0], [0, 5, 9, 7, 6], [1, 2, 9, 7, 5], [1, 3, 9, 7, 5], [1, 4, 9, 7, 0], [1, 5, 9, 7, 6]
12, [0, 2, 12, 8, 7], [0, 3, 12, 8, 7], [1, 2, 12, 8, 7], [1, 3, 12, 8, 7]
15, [0, 2, 15, 9, 8], [0, 3, 15, 9, 8], [1, 2, 15, 9, 8], [1, 3, 15, 9, 8]
18, [0, 2, 18, 10, 9], [0, 3, 18, 10, 9], [1, 2, 18, 10, 9], [1, 3, 18, 10, 9]
21, [0, 0, 21, 11, 0], [0, 1, 21, 11, 0], [0, 2, 21, 11, 10], [0, 3, 21, 11, 10], [1, 0, 21, 11, 0], [1, 1, 21, 11, 0], [1, 2, 21, 11, 10], [1, 3, 21, 11, 10]
22, [0, 0, 22, 12, 11], [0, 1, 22, 12, 11], [1, 0, 22, 12, 11], [1, 1, 22, 12, 11], [1, 3, 22, 13, 11], [0, 3, 22, 13, 11]
image_path
configurations\\placeholder.jpg
