lego_bricks
1, 3003, Green
2, 3003, Red
3, 3003, Blue
4, 3003, Green
5, 3001, Red
6, 3002, Blue
7, 3001, Yellow
8, 3001, Red
9, 3002, Yellow
10, 3001, Yellow
11, 3003, Red
12, 3003, Blue
13, 3003, Yellow
14, 3003, Green
16, 3003, Yellow
occupied_space
0, [0, 0, 0, 1], [0, 1, 0, 1], [1, 0, 0, 1], [1, 1, 0, 1], [0, 6, 0, 8], [0, 7, 0, 8], [0, 8, 0, 8], [0, 9, 0, 8], [1, 6, 0, 8], [1, 7, 0, 8], [1, 8, 0, 8], [1, 9, 0, 8]
1, [0, 0, 1, 1], [0, 1, 1, 1], [1, 0, 1, 1], [1, 1, 1, 1], [0, 6, 1, 8], [0, 7, 1, 8], [0, 8, 1, 8], [0, 9, 1, 8], [1, 6, 1, 8], [1, 7, 1, 8], [1, 8, 1, 8], [1, 9, 1, 8]
2, [0, 0, 2, 1], [0, 1, 2, 1], [1, 0, 2, 1], [1, 1, 2, 1], [0, 6, 2, 8], [0, 7, 2, 8], [0, 8, 2, 8], [0, 9, 2, 8], [1, 6, 2, 8], [1, 7, 2, 8], [1, 8, 2, 8], [1, 9, 2, 8]
3, [0, 0, 3, 2], [0, 1, 3, 2], [1, 0, 3, 2], [1, 1, 3, 2], [0, 6, 3, 9], [0, 7, 3, 9], [0, 8, 3, 9], [1, 6, 3, 9], [1, 7, 3, 9], [1, 8, 3, 9]
4, [0, 0, 4, 2], [0, 1, 4, 2], [1, 0, 4, 2], [1, 1, 4, 2], [0, 6, 4, 9], [0, 7, 4, 9], [0, 8, 4, 9], [1, 6, 4, 9], [1, 7, 4, 9], [1, 8, 4, 9]
5, [0, 0, 5, 2], [0, 1, 5, 2], [1, 0, 5, 2], [1, 1, 5, 2], [0, 6, 5, 9], [0, 7, 5, 9], [0, 8, 5, 9], [1, 6, 5, 9], [1, 7, 5, 9], [1, 8, 5, 9]
6, [0, 0, 6, 3], [0, 1, 6, 3], [1, 0, 6, 3], [1, 1, 6, 3], [0, 6, 6, 10], [0, 7, 6, 10], [0, 8, 6, 10], [0, 9, 6, 10], [1, 6, 6, 10], [1, 7, 6, 10], [1, 8, 6, 10], [1, 9, 6, 10]
7, [0, 0, 7, 3], [0, 1, 7, 3], [1, 0, 7, 3], [1, 1, 7, 3], [0, 6, 7, 10], [0, 7, 7, 10], [0, 8, 7, 10], [0, 9, 7, 10], [1, 6, 7, 10], [1, 7, 7, 10], [1, 8, 7, 10], [1, 9, 7, 10]
8, [0, 0, 8, 3], [0, 1, 8, 3], [1, 0, 8, 3], [1, 1, 8, 3], [0, 6, 8, 10], [0, 7, 8, 10], [0, 8, 8, 10], [0, 9, 8, 10], [1, 6, 8, 10], [1, 7, 8, 10], [1, 8, 8, 10], [1, 9, 8, 10]
9, [0, 0, 9, 4], [0, 1, 9, 4], [1, 0, 9, 4], [1, 1, 9, 4], [0, 6, 9, 11], [0, 7, 9, 11], [1, 6, 9, 11], [1, 7, 9, 11], [0, 3, 9, 16], [0, 4, 9, 16], [1, 3, 9, 16], [1, 4, 9, 16]
10, [0, 0, 10, 4], [0, 1, 10, 4], [1, 0, 10, 4], [1, 1, 10, 4], [0, 6, 10, 11], [0, 7, 10, 11], [1, 6, 10, 11], [1, 7, 10, 11], [0, 3, 10, 16], [0, 4, 10, 16], [1, 3, 10, 16], [1, 4, 10, 16]
11, [0, 0, 11, 4], [0, 1, 11, 4], [1, 0, 11, 4], [1, 1, 11, 4], [0, 6, 11, 11], [0, 7, 11, 11], [1, 6, 11, 11], [1, 7, 11, 11], [0, 3, 11, 16], [0, 4, 11, 16], [1, 3, 11, 16], [1, 4, 11, 16]
12, [0, 0, 12, 5], [0, 1, 12, 5], [0, 2, 12, 5], [0, 3, 12, 5], [1, 0, 12, 5], [1, 1, 12, 5], [1, 2, 12, 5], [1, 3, 12, 5], [0, 6, 12, 12], [0, 7, 12, 12], [1, 6, 12, 12], [1, 7, 12, 12]
13, [0, 0, 13, 5], [0, 1, 13, 5], [0, 2, 13, 5], [0, 3, 13, 5], [1, 0, 13, 5], [1, 1, 13, 5], [1, 2, 13, 5], [1, 3, 13, 5], [0, 6, 13, 12], [0, 7, 13, 12], [1, 6, 13, 12], [1, 7, 13, 12]
14, [0, 0, 14, 5], [0, 1, 14, 5], [0, 2, 14, 5], [0, 3, 14, 5], [1, 0, 14, 5], [1, 1, 14, 5], [1, 2, 14, 5], [1, 3, 14, 5], [0, 6, 14, 12], [0, 7, 14, 12], [1, 6, 14, 12], [1, 7, 14, 12]
15, [0, 0, 15, 6], [0, 1, 15, 6], [0, 2, 15, 6], [1, 0, 15, 6], [1, 1, 15, 6], [1, 2, 15, 6], [0, 6, 15, 13], [0, 7, 15, 13], [1, 6, 15, 13], [1, 7, 15, 13]
16, [0, 0, 16, 6], [0, 1, 16, 6], [0, 2, 16, 6], [1, 0, 16, 6], [1, 1, 16, 6], [1, 2, 16, 6], [0, 6, 16, 13], [0, 7, 16, 13], [1, 6, 16, 13], [1, 7, 16, 13]
17, [0, 0, 17, 6], [0, 1, 17, 6], [0, 2, 17, 6], [1, 0, 17, 6], [1, 1, 17, 6], [1, 2, 17, 6], [0, 6, 17, 13], [0, 7, 17, 13], [1, 6, 17, 13], [1, 7, 17, 13]
18, [0, 0, 18, 7], [0, 1, 18, 7], [0, 2, 18, 7], [0, 3, 18, 7], [1, 0, 18, 7], [1, 1, 18, 7], [1, 2, 18, 7], [1, 3, 18, 7], [0, 6, 18, 14], [0, 7, 18, 14], [1, 6, 18, 14], [1, 7, 18, 14]
19, [0, 0, 19, 7], [0, 1, 19, 7], [0, 2, 19, 7], [0, 3, 19, 7], [1, 0, 19, 7], [1, 1, 19, 7], [1, 2, 19, 7], [1, 3, 19, 7], [0, 6, 19, 14], [0, 7, 19, 14], [1, 6, 19, 14], [1, 7, 19, 14]
20, [0, 0, 20, 7], [0, 1, 20, 7], [0, 2, 20, 7], [0, 3, 20, 7], [1, 0, 20, 7], [1, 1, 20, 7], [1, 2, 20, 7], [1, 3, 20, 7], [0, 6, 20, 14], [0, 7, 20, 14], [1, 6, 20, 14], [1, 7, 20, 14]
occupied_studs
3, [0, 0, 3, 1, 2], [0, 1, 3, 1, 2], [1, 0, 3, 1, 2], [1, 1, 3, 1, 2], [0, 6, 3, 8, 9], [0, 7, 3, 8, 9], [0, 8, 3, 8, 9], [0, 9, 3, 8, 0], [1, 6, 3, 8, 9], [1, 7, 3, 8, 9], [1, 8, 3, 8, 9], [1, 9, 3, 8, 0]
6, [0, 0, 6, 2, 3], [0, 1, 6, 2, 3], [1, 0, 6, 2, 3], [1, 1, 6, 2, 3], [0, 6, 6, 9, 10], [0, 7, 6, 9, 10], [0, 8, 6, 9, 10], [1, 6, 6, 9, 10], [1, 7, 6, 9, 10], [1, 8, 6, 9, 10]
9, [0, 0, 9, 3, 4], [0, 1, 9, 3, 4], [1, 0, 9, 3, 4], [1, 1, 9, 3, 4], [0, 6, 9, 10, 11], [0, 7, 9, 10, 11], [0, 8, 9, 10, 0], [0, 9, 9, 10, 0], [1, 6, 9, 10, 11], [1, 7, 9, 10, 11], [1, 8, 9, 10, 0], [1, 9, 9, 10, 0]
12, [0, 0, 12, 4, 5], [0, 1, 12, 4, 5], [1, 0, 12, 4, 5], [1, 1, 12, 4, 5], [0, 6, 12, 11, 12], [0, 7, 12, 11, 12], [1, 6, 12, 11, 12], [1, 7, 12, 11, 12], [0, 3, 12, 16, 5], [0, 4, 12, 16, 0], [1, 3, 12, 16, 5], [1, 4, 12, 16, 0]
15, [0, 0, 15, 5, 6], [0, 1, 15, 5, 6], [0, 2, 15, 5, 6], [0, 3, 15, 5, 0], [1, 0, 15, 5, 6], [1, 1, 15, 5, 6], [1, 2, 15, 5, 6], [1, 3, 15, 5, 0], [0, 6, 15, 12, 13], [0, 7, 15, 12, 13], [1, 6, 15, 12, 13], [1, 7, 15, 12, 13]
18, [0, 0, 18, 6, 7], [0, 1, 18, 6, 7], [0, 2, 18, 6, 7], [1, 0, 18, 6, 7], [1, 1, 18, 6, 7], [1, 2, 18, 6, 7], [0, 6, 18, 13, 14], [0, 7, 18, 13, 14], [1, 6, 18, 13, 14], [1, 7, 18, 13, 14]
21, [0, 0, 21, 7, 0], [0, 1, 21, 7, 0], [0, 2, 21, 7, 0], [0, 3, 21, 7, 0], [1, 0, 21, 7, 0], [1, 1, 21, 7, 0], [1, 2, 21, 7, 0], [1, 3, 21, 7, 0], [0, 6, 21, 14, 0], [0, 7, 21, 14, 0], [1, 6, 21, 14, 0], [1, 7, 21, 14, 0]
occupied_tubes
0, [0, 0, 0, 1, 0], [0, 1, 0, 1, 0], [1, 0, 0, 1, 0], [1, 1, 0, 1, 0], [0, 6, 0, 8, 0], [0, 7, 0, 8, 0], [0, 8, 0, 8, 0], [0, 9, 0, 8, 0], [1, 6, 0, 8, 0], [1, 7, 0, 8, 0], [1, 8, 0, 8, 0], [1, 9, 0, 8, 0]
3, [0, 0, 3, 2, 1], [0, 1, 3, 2, 1], [1, 0, 3, 2, 1], [1, 1, 3, 2, 1], [0, 6, 3, 9, 8], [0, 7, 3, 9, 8], [0, 8, 3, 9, 8], [1, 6, 3, 9, 8], [1, 7, 3, 9, 8], [1, 8, 3, 9, 8]
6, [0, 0, 6, 3, 2], [0, 1, 6, 3, 2], [1, 0, 6, 3, 2], [1, 1, 6, 3, 2], [0, 6, 6, 10, 9], [0, 7, 6, 10, 9], [0, 8, 6, 10, 9], [0, 9, 6, 10, 0], [1, 6, 6, 10, 9], [1, 7, 6, 10, 9], [1, 8, 6, 10, 9], [1, 9, 6, 10, 0]
9, [0, 0, 9, 4, 3], [0, 1, 9, 4, 3], [1, 0, 9, 4, 3], [1, 1, 9, 4, 3], [0, 6, 9, 11, 10], [0, 7, 9, 11, 10], [1, 6, 9, 11, 10], [1, 7, 9, 11, 10], [0, 3, 9, 16, 0], [0, 4, 9, 16, 0], [1, 3, 9, 16, 0], [1, 4, 9, 16, 0]
12, [0, 0, 12, 5, 4], [0, 1, 12, 5, 4], [0, 2, 12, 5, 0], [0, 3, 12, 5, 16], [1, 0, 12, 5, 4], [1, 1, 12, 5, 4], [1, 2, 12, 5, 0], [1, 3, 12, 5, 16], [0, 6, 12, 12, 11], [0, 7, 12, 12, 11], [1, 6, 12, 12, 11], [1, 7, 12, 12, 11]
15, [0, 0, 15, 6, 5], [0, 1, 15, 6, 5], [0, 2, 15, 6, 5], [1, 0, 15, 6, 5], [1, 1, 15, 6, 5], [1, 2, 15, 6, 5], [0, 6, 15, 13, 12], [0, 7, 15, 13, 12], [1, 6, 15, 13, 12], [1, 7, 15, 13, 12]
18, [0, 0, 18, 7, 6], [0, 1, 18, 7, 6], [0, 2, 18, 7, 6], [0, 3, 18, 7, 0], [1, 0, 18, 7, 6], [1, 1, 18, 7, 6], [1, 2, 18, 7, 6], [1, 3, 18, 7, 0], [0, 6, 18, 14, 13], [0, 7, 18, 14, 13], [1, 6, 18, 14, 13], [1, 7, 18, 14, 13]
image_path
configurations\\placeholder.jpg
