lego_bricks
1, 3001, Green
3, 3002, Blue
4, 3003, Red
5, 3003, Blue
6, 3003, Green
7, 3003, Yellow
8, 3003, Red
9, 2456, Green
occupied_space
0, [0, 0, 0, 1], [0, 1, 0, 1], [0, 2, 0, 1], [0, 3, 0, 1], [1, 0, 0, 1], [1, 1, 0, 1], [1, 2, 0, 1], [1, 3, 0, 1], [0, 5, 0, 3], [0, 6, 0, 3], [0, 7, 0, 3], [1, 5, 0, 3], [1, 6, 0, 3], [1, 7, 0, 3]
1, [0, 0, 1, 1], [0, 1, 1, 1], [0, 2, 1, 1], [0, 3, 1, 1], [1, 0, 1, 1], [1, 1, 1, 1], [1, 2, 1, 1], [1, 3, 1, 1], [0, 5, 1, 3], [0, 6, 1, 3], [0, 7, 1, 3], [1, 5, 1, 3], [1, 6, 1, 3], [1, 7, 1, 3]
2, [0, 0, 2, 1], [0, 1, 2, 1], [0, 2, 2, 1], [0, 3, 2, 1], [1, 0, 2, 1], [1, 1, 2, 1], [1, 2, 2, 1], [1, 3, 2, 1], [0, 5, 2, 3], [0, 6, 2, 3], [0, 7, 2, 3], [1, 5, 2, 3], [1, 6, 2, 3], [1, 7, 2, 3]
3, [0, 0, 3, 4], [0, 1, 3, 4], [1, 0, 3, 4], [1, 1, 3, 4]
4, [0, 0, 4, 4], [0, 1, 4, 4], [1, 0, 4, 4], [1, 1, 4, 4]
5, [0, 0, 5, 4], [0, 1, 5, 4], [1, 0, 5, 4], [1, 1, 5, 4]
6, [0, 1, 6, 5], [0, 2, 6, 5], [1, 1, 6, 5], [1, 2, 6, 5]
7, [0, 1, 7, 5], [0, 2, 7, 5], [1, 1, 7, 5], [1, 2, 7, 5]
8, [0, 1, 8, 5], [0, 2, 8, 5], [1, 1, 8, 5], [1, 2, 8, 5]
9, [0, 2, 9, 6], [0, 3, 9, 6], [1, 2, 9, 6], [1, 3, 9, 6]
10, [0, 2, 10, 6], [0, 3, 10, 6], [1, 2, 10, 6], [1, 3, 10, 6]
11, [0, 2, 11, 6], [0, 3, 11, 6], [1, 2, 11, 6], [1, 3, 11, 6]
12, [0, 3, 12, 7], [0, 4, 12, 7], [1, 3, 12, 7], [1, 4, 12, 7]
13, [0, 3, 13, 7], [0, 4, 13, 7], [1, 3, 13, 7], [1, 4, 13, 7]
14, [0, 3, 14, 7], [0, 4, 14, 7], [1, 3, 14, 7], [1, 4, 14, 7]
15, [0, 4, 15, 8], [0, 5, 15, 8], [1, 4, 15, 8], [1, 5, 15, 8]
16, [0, 4, 16, 8], [0, 5, 16, 8], [1, 4, 16, 8], [1, 5, 16, 8]
17, [0, 4, 17, 8], [0, 5, 17, 8], [1, 4, 17, 8], [1, 5, 17, 8]
18, [0, 0, 18, 9], [0, 1, 18, 9], [0, 2, 18, 9], [0, 3, 18, 9], [0, 4, 18, 9], [0, 5, 18, 9], [1, 0, 18, 9], [1, 1, 18, 9], [1, 2, 18, 9], [1, 3, 18, 9], [1, 4, 18, 9], [1, 5, 18, 9]
19, [0, 0, 19, 9], [0, 1, 19, 9], [0, 2, 19, 9], [0, 3, 19, 9], [0, 4, 19, 9], [0, 5, 19, 9], [1, 0, 19, 9], [1, 1, 19, 9], [1, 2, 19, 9], [1, 3, 19, 9], [1, 4, 19, 9], [1, 5, 19, 9]
20, [0, 0, 20, 9], [0, 1, 20, 9], [0, 2, 20, 9], [0, 3, 20, 9], [0, 4, 20, 9], [0, 5, 20, 9], [1, 0, 20, 9], [1, 1, 20, 9], [1, 2, 20, 9], [1, 3, 20, 9], [1, 4, 20, 9], [1, 5, 20, 9]
occupied_studs
3, [0, 0, 3, 1, 4], [0, 1, 3, 1, 4], [0, 2, 3, 1, 0], [0, 3, 3, 1, 0], [1, 0, 3, 1, 4], [1, 1, 3, 1, 4], [1, 2, 3, 1, 0], [1, 3, 3, 1, 0], [0, 5, 3, 3, 0], [0, 6, 3, 3, 0], [0, 7, 3, 3, 0], [1, 5, 3, 3, 0], [1, 6, 3, 3, 0], [1, 7, 3, 3, 0]
6, [0, 0, 6, 4, 0], [0, 1, 6, 4, 5], [1, 0, 6, 4, 0], [1, 1, 6, 4, 5]
9, [0, 1, 9, 5, 0], [0, 2, 9, 5, 6], [1, 1, 9, 5, 0], [1, 2, 9, 5, 6]
12, [0, 2, 12, 6, 0], [0, 3, 12, 6, 7], [1, 2, 12, 6, 0], [1, 3, 12, 6, 7]
15, [0, 3, 15, 7, 0], [0, 4, 15, 7, 8], [1, 3, 15, 7, 0], [1, 4, 15, 7, 8]
18, [0, 4, 18, 8, 9], [0, 5, 18, 8, 9], [1, 4, 18, 8, 9], [1, 5, 18, 8, 9]
21, [0, 0, 21, 9, 0], [0, 1, 21, 9, 0], [0, 2, 21, 9, 0], [0, 3, 21, 9, 0], [0, 4, 21, 9, 0], [0, 5, 21, 9, 0], [1, 0, 21, 9, 0], [1, 1, 21, 9, 0], [1, 2, 21, 9, 0], [1, 3, 21, 9, 0], [1, 4, 21, 9, 0], [1, 5, 21, 9, 0]
occupied_tubes
0, [0, 0, 0, 1, 0], [0, 1, 0, 1, 0], [0, 2, 0, 1, 0], [0, 3, 0, 1, 0], [1, 0, 0, 1, 0], [1, 1, 0, 1, 0], [1, 2, 0, 1, 0], [1, 3, 0, 1, 0], [0, 5, 0, 3, 0], [0, 6, 0, 3, 0], [0, 7, 0, 3, 0], [1, 5, 0, 3, 0], [1, 6, 0, 3, 0], [1, 7, 0, 3, 0]
3, [0, 0, 3, 4, 1], [0, 1, 3, 4, 1], [1, 0, 3, 4, 1], [1, 1, 3, 4, 1]
6, [0, 1, 6, 5, 4], [0, 2, 6, 5, 0], [1, 1, 6, 5, 4], [1, 2, 6, 5, 0]
9, [0, 2, 9, 6, 5], [0, 3, 9, 6, 0], [1, 2, 9, 6, 5], [1, 3, 9, 6, 0]
12, [0, 3, 12, 7, 6], [0, 4, 12, 7, 0], [1, 3, 12, 7, 6], [1, 4, 12, 7, 0]
15, [0, 4, 15, 8, 7], [0, 5, 15, 8, 0], [1, 4, 15, 8, 7], [1, 5, 15, 8, 0]
18, [0, 0, 18, 9, 0], [0, 1, 18, 9, 0], [0, 2, 18, 9, 0], [0, 3, 18, 9, 0], [0, 4, 18, 9, 8], [0, 5, 18, 9, 8], [1, 0, 18, 9, 0], [1, 1, 18, 9, 0], [1, 2, 18, 9, 0], [1, 3, 18, 9, 0], [1, 4, 18, 9, 8], [1, 5, 18, 9, 8]
image_path
configurations\\placeholder.jpg
