lego_bricks
1, 3005, Gray
2, 3004, Yellow
3, 3710, White
4, 3023, Black
5, 3710, White
6, 3004, Yellow
7, 3005, Gray
occupied_space
0, [0, 0, 0, 1]
1, [0, 0, 1, 1]
2, [0, 0, 2, 1]
3, [0, 0, 3, 2], [0, 1, 3, 2]
4, [0, 0, 4, 2], [0, 1, 4, 2]
5, [0, 0, 5, 2], [0, 1, 5, 2], [0, 4, 5, 4], [0, 5, 5, 4]
6, [0, 1, 6, 3], [0, 2, 6, 3], [0, 3, 6, 3], [0, 4, 6, 3], [0, 5, 6, 5], [0, 6, 6, 5], [0, 7, 6, 5], [0, 8, 6, 5]
7, [0, 7, 7, 6], [0, 8, 7, 6]
8, [0, 7, 8, 6], [0, 8, 8, 6]
9, [0, 7, 9, 6], [0, 8, 9, 6]
10, [0, 8, 10, 7]
11, [0, 8, 11, 7]
12, [0, 8, 12, 7]
occupied_studs
3, [0, 0, 3, 1, 2]
6, [0, 0, 6, 2, 0], [0, 1, 6, 2, 3], [0, 4, 6, 4, 3], [0, 5, 6, 4, 5]
7, [0, 1, 7, 3, 0], [0, 2, 7, 3, 0], [0, 3, 7, 3, 0], [0, 4, 7, 3, 0], [0, 5, 7, 5, 0], [0, 6, 7, 5, 0], [0, 7, 7, 5, 6], [0, 8, 7, 5, 6]
10, [0, 7, 10, 6, 0], [0, 8, 10, 6, 7]
13, [0, 8, 13, 7, 0]
occupied_tubes
0, [0, 0, 0, 1, 0]
3, [0, 0, 3, 2, 1], [0, 1, 3, 2, 0]
6, [0, 1, 6, 3, 2], [0, 2, 6, 3, 0], [0, 3, 6, 3, 0], [0, 4, 6, 3, 4], [0, 5, 6, 5, 4], [0, 6, 6, 5, 0], [0, 7, 6, 5, 0], [0, 8, 6, 5, 0]
5, [0, 4, 5, 4, 0], [0, 5, 5, 4, 0]
7, [0, 7, 7, 6, 5], [0, 8, 7, 6, 5]
10, [0, 8, 10, 7, 6]
image_path
configurations\\placeholder.jpg
