lego_bricks
1, 3622, Blue
2, 3622, Blue
3, 3622, Blue
occupied_space
0, [0, 0, 0, 1], [0, 1, 0, 1], [0, 2, 0, 1]
1, [0, 0, 1, 1], [0, 1, 1, 1], [0, 2, 1, 1]
2, [0, 0, 2, 1], [0, 1, 2, 1], [0, 2, 2, 1]
3, [0, 0, 3, 2], [0, 1, 3, 2], [0, 2, 3, 2]
4, [0, 0, 4, 2], [0, 1, 4, 2], [0, 2, 4, 2]
5, [0, 0, 5, 2], [0, 1, 5, 2], [0, 2, 5, 2]
6, [0, 0, 6, 3], [0, 1, 6, 3], [0, 2, 6, 3]
7, [0, 0, 7, 3], [0, 1, 7, 3], [0, 2, 7, 3]
8, [0, 0, 8, 3], [0, 1, 8, 3], [0, 2, 8, 3]
occupied_studs
3, [0, 0, 3, 1, 2], [0, 1, 3, 1, 2], [0, 2, 3, 1, 2]
6, [0, 0, 6, 2, 3], [0, 1, 6, 2, 3], [0, 2, 6, 2, 3]
9, [0, 0, 9, 3, 0], [0, 1, 9, 3, 0], [0, 2, 9, 3, 0]
occupied_tubes
0, [0, 0, 0, 1, 0], [0, 1, 0, 1, 0], [0, 2, 0, 1, 0]
3, [0, 0, 3, 2, 1], [0, 1, 3, 2, 1], [0, 2, 3, 2, 1]
6, [0, 0, 6, 3, 2], [0, 1, 6, 3, 2], [0, 2, 6, 3, 2]
image_path
configurations\\placeholder.jpg
