lego_bricks
1, 3039, White
2, 3004, White
3, 3003, White
5, 3004, White
6, 3039, White
7, 3010, White
8, 3010, White
9, 3010, White
10, 3010, White
11, 3003, White
12, 3004, White
13, 3010, White
14, 3010, White
15, 3003, Blue
16, 3002, White
17, 3003, White
18, 3023, Black
19, 3023, White
20, 3023, Black
21, 3003, White
22, 3010, White
23, 3010, White
24, 3003, White
25, 3023, White
26, 3023, Black
27, 3023, White
28, 3003, White
30, 3003, White
31, 3003, White
32, 3003, White
33, 3023, Black
34, 3023, White
35, 3023, Black
36, 3004, White
37, 3003, Blue
38, 3003, White
39, 3004, White
43, 3002, White
45, 3003, White
46, 3003, Blue
47, 3002, White
50, 3003, White
51, 3003, White
52, 3003, White
53, 3003, White
54, 3003, White
55, 3003, White
57, 3004, White
58, 3710, Blue
59, 3710, White
60, 3710, Blue
61, 3004, Blue
63, 3003, White
64, 3002, White
65, 3024, White
66, 3623, White
67, 3710, White
68, 3710, Blue
70, 3002, White
71, 3003, Blue
73, 3004, Light-Gray
74, 3004, Red
75, 3004, Light-Gray
77, 3004, Light-Gray
78, 3003, Black
79, 3003, Light-Gray
81, 3002, Blue
82, 3002, Light-Gray
83, 3039, Light-Gray
84, 3010, Light-Gray
85, 3010, Light-Gray
86, 3039, Light-Gray
87, 3039, Blue
88, 3004, Blue
89, 3004, Light-Gray
90, 3039, Light-Gray
occupied_space
0, [0, 0, 0, 1], [0, 1, 0, 1], [1, 0, 0, 1], [1, 1, 0, 1], [0, 2, 0, 2], [1, 2, 0, 2], [0, 5, 0, 3], [0, 6, 0, 3], [1, 5, 0, 3], [1, 6, 0, 3], [0, 9, 0, 5], [1, 9, 0, 5], [2, 11, 0, 6], [2, 10, 0, 6], [1, 11, 0, 6], [1, 10, 0, 6]
1, [0, 0, 1, 1], [0, 1, 1, 1], [1, 0, 1, 1], [1, 1, 1, 1], [0, 2, 1, 2], [1, 2, 1, 2], [0, 5, 1, 3], [0, 6, 1, 3], [1, 5, 1, 3], [1, 6, 1, 3], [0, 9, 1, 5], [1, 9, 1, 5], [2, 11, 1, 6], [2, 10, 1, 6], [1, 11, 1, 6], [1, 10, 1, 6]
2, [0, 1, 2, 1], [1, 1, 2, 1], [0, 2, 2, 2], [1, 2, 2, 2], [0, 5, 2, 3], [0, 6, 2, 3], [1, 5, 2, 3], [1, 6, 2, 3], [0, 9, 2, 5], [1, 9, 2, 5], [2, 10, 2, 6], [1, 10, 2, 6]
3, [0, 1, 3, 7], [0, 2, 3, 7], [0, 3, 3, 7], [0, 4, 3, 7], [1, 1, 3, 8], [1, 2, 3, 8], [1, 3, 3, 8], [1, 4, 3, 8], [1, 5, 3, 9], [1, 6, 3, 9], [1, 7, 3, 9], [1, 8, 3, 9], [0, 5, 3, 10], [0, 6, 3, 10], [0, 7, 3, 10], [0, 8, 3, 10], [0, 9, 3, 11], [0, 10, 3, 11], [1, 9, 3, 11], [1, 10, 3, 11]
4, [0, 1, 4, 7], [0, 2, 4, 7], [0, 3, 4, 7], [0, 4, 4, 7], [1, 1, 4, 8], [1, 2, 4, 8], [1, 3, 4, 8], [1, 4, 4, 8], [1, 5, 4, 9], [1, 6, 4, 9], [1, 7, 4, 9], [1, 8, 4, 9], [0, 5, 4, 10], [0, 6, 4, 10], [0, 7, 4, 10], [0, 8, 4, 10], [0, 9, 4, 11], [0, 10, 4, 11], [1, 9, 4, 11], [1, 10, 4, 11]
5, [0, 1, 5, 7], [0, 2, 5, 7], [0, 3, 5, 7], [0, 4, 5, 7], [1, 1, 5, 8], [1, 2, 5, 8], [1, 3, 5, 8], [1, 4, 5, 8], [1, 5, 5, 9], [1, 6, 5, 9], [1, 7, 5, 9], [1, 8, 5, 9], [0, 5, 5, 10], [0, 6, 5, 10], [0, 7, 5, 10], [0, 8, 5, 10], [0, 9, 5, 11], [0, 10, 5, 11], [1, 9, 5, 11], [1, 10, 5, 11]
6, [0, 1, 6, 12], [1, 1, 6, 12], [0, 2, 6, 13], [0, 3, 6, 13], [0, 4, 6, 13], [0, 5, 6, 13], [1, 2, 6, 14], [1, 3, 6, 14], [1, 4, 6, 14], [1, 5, 6, 14], [0, 6, 6, 15], [0, 7, 6, 15], [1, 6, 6, 15], [1, 7, 6, 15], [0, 8, 6, 16], [0, 9, 6, 16], [0, 10, 6, 16], [1, 8, 6, 16], [1, 9, 6, 16], [1, 10, 6, 16]
7, [0, 1, 7, 12], [1, 1, 7, 12], [0, 2, 7, 13], [0, 3, 7, 13], [0, 4, 7, 13], [0, 5, 7, 13], [1, 2, 7, 14], [1, 3, 7, 14], [1, 4, 7, 14], [1, 5, 7, 14], [0, 6, 7, 15], [0, 7, 7, 15], [1, 6, 7, 15], [1, 7, 7, 15], [0, 8, 7, 16], [0, 9, 7, 16], [0, 10, 7, 16], [1, 8, 7, 16], [1, 9, 7, 16], [1, 10, 7, 16]
8, [0, 1, 8, 12], [1, 1, 8, 12], [0, 2, 8, 13], [0, 3, 8, 13], [0, 4, 8, 13], [0, 5, 8, 13], [1, 2, 8, 14], [1, 3, 8, 14], [1, 4, 8, 14], [1, 5, 8, 14], [0, 6, 8, 15], [0, 7, 8, 15], [1, 6, 8, 15], [1, 7, 8, 15], [0, 8, 8, 16], [0, 9, 8, 16], [0, 10, 8, 16], [1, 8, 8, 16], [1, 9, 8, 16], [1, 10, 8, 16]
9, [0, 1, 9, 17], [0, 2, 9, 17], [1, 1, 9, 17], [1, 2, 9, 17], [0, 3, 9, 18], [0, 4, 9, 18], [0, 5, 9, 21], [0, 6, 9, 21], [1, 5, 9, 21], [1, 6, 9, 21], [0, 7, 9, 22], [0, 8, 9, 22], [0, 9, 9, 22], [0, 10, 9, 22], [1, 7, 9, 23], [1, 8, 9, 23], [1, 9, 9, 23], [1, 10, 9, 23]
10, [0, 1, 10, 17], [0, 2, 10, 17], [1, 1, 10, 17], [1, 2, 10, 17], [0, 3, 10, 19], [0, 4, 10, 19], [0, 5, 10, 21], [0, 6, 10, 21], [1, 5, 10, 21], [1, 6, 10, 21], [0, 7, 10, 22], [0, 8, 10, 22], [0, 9, 10, 22], [0, 10, 10, 22], [1, 7, 10, 23], [1, 8, 10, 23], [1, 9, 10, 23], [1, 10, 10, 23]
11, [0, 1, 11, 17], [0, 2, 11, 17], [1, 1, 11, 17], [1, 2, 11, 17], [0, 3, 11, 20], [0, 4, 11, 20], [0, 5, 11, 21], [0, 6, 11, 21], [1, 5, 11, 21], [1, 6, 11, 21], [0, 7, 11, 22], [0, 8, 11, 22], [0, 9, 11, 22], [0, 10, 11, 22], [1, 7, 11, 23], [1, 8, 11, 23], [1, 9, 11, 23], [1, 10, 11, 23]
12, [0, 1, 12, 24], [0, 2, 12, 24], [1, 1, 12, 24], [1, 2, 12, 24], [0, 3, 12, 25], [0, 4, 12, 25], [0, 5, 12, 28], [0, 6, 12, 28], [1, 5, 12, 28], [1, 6, 12, 28], [0, 7, 12, 30], [0, 8, 12, 30], [1, 7, 12, 30], [1, 8, 12, 30], [0, 9, 12, 31], [0, 10, 12, 31], [1, 9, 12, 31], [1, 10, 12, 31]
13, [0, 1, 13, 24], [0, 2, 13, 24], [1, 1, 13, 24], [1, 2, 13, 24], [0, 3, 13, 26], [0, 4, 13, 26], [0, 5, 13, 28], [0, 6, 13, 28], [1, 5, 13, 28], [1, 6, 13, 28], [0, 7, 13, 30], [0, 8, 13, 30], [1, 7, 13, 30], [1, 8, 13, 30], [0, 9, 13, 31], [0, 10, 13, 31], [1, 9, 13, 31], [1, 10, 13, 31]
14, [0, 1, 14, 24], [0, 2, 14, 24], [1, 1, 14, 24], [1, 2, 14, 24], [0, 3, 14, 27], [0, 4, 14, 27], [0, 5, 14, 28], [0, 6, 14, 28], [1, 5, 14, 28], [1, 6, 14, 28], [0, 7, 14, 30], [0, 8, 14, 30], [1, 7, 14, 30], [1, 8, 14, 30], [0, 9, 14, 31], [0, 10, 14, 31], [1, 9, 14, 31], [1, 10, 14, 31]
15, [0, 1, 15, 32], [0, 2, 15, 32], [1, 1, 15, 32], [1, 2, 15, 32], [0, 3, 15, 33], [0, 4, 15, 33], [0, 5, 15, 36], [1, 5, 15, 36], [0, 6, 15, 37], [0, 7, 15, 37], [1, 6, 15, 37], [1, 7, 15, 37], [0, 8, 15, 38], [0, 9, 15, 38], [1, 8, 15, 38], [1, 9, 15, 38], [0, 10, 15, 39], [1, 10, 15, 39]
16, [0, 1, 16, 32], [0, 2, 16, 32], [1, 1, 16, 32], [1, 2, 16, 32], [0, 3, 16, 34], [0, 4, 16, 34], [0, 5, 16, 36], [1, 5, 16, 36], [0, 6, 16, 37], [0, 7, 16, 37], [1, 6, 16, 37], [1, 7, 16, 37], [0, 8, 16, 38], [0, 9, 16, 38], [1, 8, 16, 38], [1, 9, 16, 38], [0, 10, 16, 39], [1, 10, 16, 39]
17, [0, 1, 17, 32], [0, 2, 17, 32], [1, 1, 17, 32], [1, 2, 17, 32], [0, 3, 17, 35], [0, 4, 17, 35], [0, 5, 17, 36], [1, 5, 17, 36], [0, 6, 17, 37], [0, 7, 17, 37], [1, 6, 17, 37], [1, 7, 17, 37], [0, 8, 17, 38], [0, 9, 17, 38], [1, 8, 17, 38], [1, 9, 17, 38], [0, 10, 17, 39], [1, 10, 17, 39]
18, [0, 1, 18, 43], [0, 2, 18, 43], [0, 3, 18, 43], [1, 1, 18, 43], [1, 2, 18, 43], [1, 3, 18, 43], [0, 4, 18, 45], [0, 5, 18, 45], [1, 4, 18, 45], [1, 5, 18, 45], [0, 6, 18, 46], [0, 7, 18, 46], [1, 6, 18, 46], [1, 7, 18, 46], [0, 8, 18, 47], [0, 9, 18, 47], [0, 10, 18, 47], [1, 8, 18, 47], [1, 9, 18, 47], [1, 10, 18, 47]
19, [0, 1, 19, 43], [0, 2, 19, 43], [0, 3, 19, 43], [1, 1, 19, 43], [1, 2, 19, 43], [1, 3, 19, 43], [0, 4, 19, 45], [0, 5, 19, 45], [1, 4, 19, 45], [1, 5, 19, 45], [0, 6, 19, 46], [0, 7, 19, 46], [1, 6, 19, 46], [1, 7, 19, 46], [0, 8, 19, 47], [0, 9, 19, 47], [0, 10, 19, 47], [1, 8, 19, 47], [1, 9, 19, 47], [1, 10, 19, 47]
20, [0, 1, 20, 43], [0, 2, 20, 43], [0, 3, 20, 43], [1, 1, 20, 43], [1, 2, 20, 43], [1, 3, 20, 43], [0, 4, 20, 45], [0, 5, 20, 45], [1, 4, 20, 45], [1, 5, 20, 45], [0, 6, 20, 46], [0, 7, 20, 46], [1, 6, 20, 46], [1, 7, 20, 46], [0, 8, 20, 47], [0, 9, 20, 47], [0, 10, 20, 47], [1, 8, 20, 47], [1, 9, 20, 47], [1, 10, 20, 47]
21, [0, 1, 21, 50], [0, 2, 21, 50], [1, 1, 21, 50], [1, 2, 21, 50], [0, 3, 21, 51], [0, 4, 21, 51], [1, 3, 21, 51], [1, 4, 21, 51], [0, 5, 21, 52], [0, 6, 21, 52], [1, 5, 21, 52], [1, 6, 21, 52], [0, 7, 21, 53], [0, 8, 21, 53], [1, 7, 21, 53], [1, 8, 21, 53], [0, 9, 21, 54], [0, 10, 21, 54], [1, 9, 21, 54], [1, 10, 21, 54]
22, [0, 1, 22, 50], [0, 2, 22, 50], [1, 1, 22, 50], [1, 2, 22, 50], [0, 3, 22, 51], [0, 4, 22, 51], [1, 3, 22, 51], [1, 4, 22, 51], [0, 5, 22, 52], [0, 6, 22, 52], [1, 5, 22, 52], [1, 6, 22, 52], [0, 7, 22, 53], [0, 8, 22, 53], [1, 7, 22, 53], [1, 8, 22, 53], [0, 9, 22, 54], [0, 10, 22, 54], [1, 9, 22, 54], [1, 10, 22, 54]
23, [0, 1, 23, 50], [0, 2, 23, 50], [1, 1, 23, 50], [1, 2, 23, 50], [0, 3, 23, 51], [0, 4, 23, 51], [1, 3, 23, 51], [1, 4, 23, 51], [0, 5, 23, 52], [0, 6, 23, 52], [1, 5, 23, 52], [1, 6, 23, 52], [0, 7, 23, 53], [0, 8, 23, 53], [1, 7, 23, 53], [1, 8, 23, 53], [0, 9, 23, 54], [0, 10, 23, 54], [1, 9, 23, 54], [1, 10, 23, 54]
24, [0, 1, 24, 55], [0, 2, 24, 55], [1, 1, 24, 55], [1, 2, 24, 55], [0, 3, 24, 57], [1, 3, 24, 57], [0, 4, 24, 58], [0, 5, 24, 58], [0, 6, 24, 58], [0, 7, 24, 58], [0, 8, 24, 61], [1, 8, 24, 61], [0, 9, 24, 63], [0, 10, 24, 63], [1, 9, 24, 63], [1, 10, 24, 63]
25, [0, 1, 25, 55], [0, 2, 25, 55], [1, 1, 25, 55], [1, 2, 25, 55], [0, 3, 25, 57], [1, 3, 25, 57], [0, 4, 25, 59], [0, 5, 25, 59], [0, 6, 25, 59], [0, 7, 25, 59], [0, 8, 25, 61], [1, 8, 25, 61], [0, 9, 25, 63], [0, 10, 25, 63], [1, 9, 25, 63], [1, 10, 25, 63]
26, [0, 1, 26, 55], [0, 2, 26, 55], [1, 1, 26, 55], [1, 2, 26, 55], [0, 3, 26, 57], [1, 3, 26, 57], [0, 4, 26, 60], [0, 5, 26, 60], [0, 6, 26, 60], [0, 7, 26, 60], [0, 8, 26, 61], [1, 8, 26, 61], [0, 9, 26, 63], [0, 10, 26, 63], [1, 9, 26, 63], [1, 10, 26, 63]
27, [0, 1, 27, 64], [0, 2, 27, 64], [0, 3, 27, 64], [1, 1, 27, 64], [1, 2, 27, 64], [1, 3, 27, 64], [0, 4, 27, 65], [0, 5, 27, 66], [0, 6, 27, 66], [0, 7, 27, 66], [0, 8, 27, 70], [0, 9, 27, 70], [0, 10, 27, 70], [1, 8, 27, 70], [1, 9, 27, 70], [1, 10, 27, 70]
28, [0, 1, 28, 64], [0, 2, 28, 64], [0, 3, 28, 64], [1, 1, 28, 64], [1, 2, 28, 64], [1, 3, 28, 64], [0, 4, 28, 67], [0, 5, 28, 67], [0, 6, 28, 67], [0, 7, 28, 67], [0, 8, 28, 70], [0, 9, 28, 70], [0, 10, 28, 70], [1, 8, 28, 70], [1, 9, 28, 70], [1, 10, 28, 70]
29, [0, 1, 29, 64], [0, 2, 29, 64], [0, 3, 29, 64], [1, 1, 29, 64], [1, 2, 29, 64], [1, 3, 29, 64], [0, 4, 29, 68], [0, 5, 29, 68], [0, 6, 29, 68], [0, 7, 29, 68], [0, 8, 29, 70], [0, 9, 29, 70], [0, 10, 29, 70], [1, 8, 29, 70], [1, 9, 29, 70], [1, 10, 29, 70]
30, [0, 2, 30, 71], [0, 3, 30, 71], [1, 2, 30, 71], [1, 3, 30, 71], [0, 4, 30, 73], [1, 4, 30, 73], [0, 5, 30, 74], [1, 5, 30, 74], [0, 6, 30, 75], [1, 6, 30, 75], [0, 9, 30, 77], [1, 9, 30, 77], [0, 7, 30, 78], [0, 8, 30, 78], [1, 7, 30, 78], [1, 8, 30, 78]
31, [0, 2, 31, 71], [0, 3, 31, 71], [1, 2, 31, 71], [1, 3, 31, 71], [0, 4, 31, 73], [1, 4, 31, 73], [0, 5, 31, 74], [1, 5, 31, 74], [0, 6, 31, 75], [1, 6, 31, 75], [0, 9, 31, 77], [1, 9, 31, 77], [0, 7, 31, 78], [0, 8, 31, 78], [1, 7, 31, 78], [1, 8, 31, 78]
32, [0, 2, 32, 71], [0, 3, 32, 71], [1, 2, 32, 71], [1, 3, 32, 71], [0, 4, 32, 73], [1, 4, 32, 73], [0, 5, 32, 74], [1, 5, 32, 74], [0, 6, 32, 75], [1, 6, 32, 75], [0, 9, 32, 77], [1, 9, 32, 77], [0, 7, 32, 78], [0, 8, 32, 78], [1, 7, 32, 78], [1, 8, 32, 78]
33, [0, 2, 33, 79], [0, 3, 33, 79], [1, 2, 33, 79], [1, 3, 33, 79], [0, 4, 33, 81], [0, 5, 33, 81], [0, 6, 33, 81], [1, 4, 33, 81], [1, 5, 33, 81], [1, 6, 33, 81], [0, 7, 33, 82], [0, 8, 33, 82], [0, 9, 33, 82], [1, 7, 33, 82], [1, 8, 33, 82], [1, 9, 33, 82]
34, [0, 2, 34, 79], [0, 3, 34, 79], [1, 2, 34, 79], [1, 3, 34, 79], [0, 4, 34, 81], [0, 5, 34, 81], [0, 6, 34, 81], [1, 4, 34, 81], [1, 5, 34, 81], [1, 6, 34, 81], [0, 7, 34, 82], [0, 8, 34, 82], [0, 9, 34, 82], [1, 7, 34, 82], [1, 8, 34, 82], [1, 9, 34, 82]
35, [0, 2, 35, 79], [0, 3, 35, 79], [1, 2, 35, 79], [1, 3, 35, 79], [0, 4, 35, 81], [0, 5, 35, 81], [0, 6, 35, 81], [1, 4, 35, 81], [1, 5, 35, 81], [1, 6, 35, 81], [0, 7, 35, 82], [0, 8, 35, 82], [0, 9, 35, 82], [1, 7, 35, 82], [1, 8, 35, 82], [1, 9, 35, 82]
36, [0, 2, 36, 83], [0, 3, 36, 83], [1, 2, 36, 83], [1, 3, 36, 83], [0, 4, 36, 84], [0, 5, 36, 84], [0, 6, 36, 84], [0, 7, 36, 84], [1, 4, 36, 85], [1, 5, 36, 85], [1, 6, 36, 85], [1, 7, 36, 85], [2, 9, 36, 86], [2, 8, 36, 86], [1, 9, 36, 86], [1, 8, 36, 86]
37, [0, 2, 37, 83], [0, 3, 37, 83], [1, 2, 37, 83], [1, 3, 37, 83], [0, 4, 37, 84], [0, 5, 37, 84], [0, 6, 37, 84], [0, 7, 37, 84], [1, 4, 37, 85], [1, 5, 37, 85], [1, 6, 37, 85], [1, 7, 37, 85], [2, 9, 37, 86], [2, 8, 37, 86], [1, 9, 37, 86], [1, 8, 37, 86]
38, [0, 3, 38, 83], [1, 3, 38, 83], [0, 4, 38, 84], [0, 5, 38, 84], [0, 6, 38, 84], [0, 7, 38, 84], [1, 4, 38, 85], [1, 5, 38, 85], [1, 6, 38, 85], [1, 7, 38, 85], [2, 8, 38, 86], [1, 8, 38, 86]
39, [0, 2, 39, 87], [0, 3, 39, 87], [1, 2, 39, 87], [1, 3, 39, 87], [0, 4, 39, 88], [1, 4, 39, 88], [0, 5, 39, 89], [1, 5, 39, 89], [2, 7, 39, 90], [2, 6, 39, 90], [1, 7, 39, 90], [1, 6, 39, 90]
40, [0, 2, 40, 87], [0, 3, 40, 87], [1, 2, 40, 87], [1, 3, 40, 87], [0, 4, 40, 88], [1, 4, 40, 88], [0, 5, 40, 89], [1, 5, 40, 89], [2, 7, 40, 90], [2, 6, 40, 90], [1, 7, 40, 90], [1, 6, 40, 90]
41, [0, 3, 41, 87], [1, 3, 41, 87], [0, 4, 41, 88], [1, 4, 41, 88], [0, 5, 41, 89], [1, 5, 41, 89], [2, 6, 41, 90], [1, 6, 41, 90]
occupied_studs
3, [0, 1, 3, 1, 7], [1, 1, 3, 1, 8], [0, 2, 3, 2, 7], [1, 2, 3, 2, 8], [0, 5, 3, 3, 10], [0, 6, 3, 3, 10], [1, 5, 3, 3, 9], [1, 6, 3, 3, 9], [0, 9, 3, 5, 11], [1, 9, 3, 5, 11], [2, 10, 3, 6, 0], [1, 10, 3, 6, 11]
6, [0, 1, 6, 7, 12], [0, 2, 6, 7, 13], [0, 3, 6, 7, 13], [0, 4, 6, 7, 13], [1, 1, 6, 8, 12], [1, 2, 6, 8, 14], [1, 3, 6, 8, 14], [1, 4, 6, 8, 14], [1, 5, 6, 9, 14], [1, 6, 6, 9, 15], [1, 7, 6, 9, 15], [1, 8, 6, 9, 16], [0, 5, 6, 10, 13], [0, 6, 6, 10, 15], [0, 7, 6, 10, 15], [0, 8, 6, 10, 16], [0, 9, 6, 11, 16], [0, 10, 6, 11, 16], [1, 9, 6, 11, 16], [1, 10, 6, 11, 16]
9, [0, 1, 9, 12, 17], [1, 1, 9, 12, 17], [0, 2, 9, 13, 17], [0, 3, 9, 13, 18], [0, 4, 9, 13, 18], [0, 5, 9, 13, 21], [1, 2, 9, 14, 17], [1, 3, 9, 14, 0], [1, 4, 9, 14, 0], [1, 5, 9, 14, 21], [0, 6, 9, 15, 21], [0, 7, 9, 15, 22], [1, 6, 9, 15, 21], [1, 7, 9, 15, 23], [0, 8, 9, 16, 22], [0, 9, 9, 16, 22], [0, 10, 9, 16, 22], [1, 8, 9, 16, 23], [1, 9, 9, 16, 23], [1, 10, 9, 16, 23]
12, [0, 1, 12, 17, 24], [0, 2, 12, 17, 24], [1, 1, 12, 17, 24], [1, 2, 12, 17, 24], [0, 3, 12, 20, 25], [0, 4, 12, 20, 25], [0, 5, 12, 21, 28], [0, 6, 12, 21, 28], [1, 5, 12, 21, 28], [1, 6, 12, 21, 28], [0, 7, 12, 22, 30], [0, 8, 12, 22, 30], [0, 9, 12, 22, 31], [0, 10, 12, 22, 31], [1, 7, 12, 23, 30], [1, 8, 12, 23, 30], [1, 9, 12, 23, 31], [1, 10, 12, 23, 31]
10, [0, 3, 10, 18, 19], [0, 4, 10, 18, 19]
11, [0, 3, 11, 19, 20], [0, 4, 11, 19, 20]
15, [0, 1, 15, 24, 32], [0, 2, 15, 24, 32], [1, 1, 15, 24, 32], [1, 2, 15, 24, 32], [0, 3, 15, 27, 33], [0, 4, 15, 27, 33], [0, 5, 15, 28, 36], [0, 6, 15, 28, 37], [1, 5, 15, 28, 36], [1, 6, 15, 28, 37], [0, 7, 15, 30, 37], [0, 8, 15, 30, 38], [1, 7, 15, 30, 37], [1, 8, 15, 30, 38], [0, 9, 15, 31, 38], [0, 10, 15, 31, 39], [1, 9, 15, 31, 38], [1, 10, 15, 31, 39]
13, [0, 3, 13, 25, 26], [0, 4, 13, 25, 26]
14, [0, 3, 14, 26, 27], [0, 4, 14, 26, 27]
18, [0, 1, 18, 32, 43], [0, 2, 18, 32, 43], [1, 1, 18, 32, 43], [1, 2, 18, 32, 43], [0, 3, 18, 35, 43], [0, 4, 18, 35, 45], [0, 5, 18, 36, 45], [1, 5, 18, 36, 45], [0, 6, 18, 37, 46], [0, 7, 18, 37, 46], [1, 6, 18, 37, 46], [1, 7, 18, 37, 46], [0, 8, 18, 38, 47], [0, 9, 18, 38, 47], [1, 8, 18, 38, 47], [1, 9, 18, 38, 47], [0, 10, 18, 39, 47], [1, 10, 18, 39, 47]
16, [0, 3, 16, 33, 34], [0, 4, 16, 33, 34]
17, [0, 3, 17, 34, 35], [0, 4, 17, 34, 35]
21, [0, 1, 21, 43, 50], [0, 2, 21, 43, 50], [0, 3, 21, 43, 51], [1, 1, 21, 43, 50], [1, 2, 21, 43, 50], [1, 3, 21, 43, 51], [0, 4, 21, 45, 51], [0, 5, 21, 45, 52], [1, 4, 21, 45, 51], [1, 5, 21, 45, 52], [0, 6, 21, 46, 52], [0, 7, 21, 46, 53], [1, 6, 21, 46, 52], [1, 7, 21, 46, 53], [0, 8, 21, 47, 53], [0, 9, 21, 47, 54], [0, 10, 21, 47, 54], [1, 8, 21, 47, 53], [1, 9, 21, 47, 54], [1, 10, 21, 47, 54]
24, [0, 1, 24, 50, 55], [0, 2, 24, 50, 55], [1, 1, 24, 50, 55], [1, 2, 24, 50, 55], [0, 3, 24, 51, 57], [0, 4, 24, 51, 58], [1, 3, 24, 51, 57], [1, 4, 24, 51, 0], [0, 5, 24, 52, 58], [0, 6, 24, 52, 58], [1, 5, 24, 52, 0], [1, 6, 24, 52, 0], [0, 7, 24, 53, 58], [0, 8, 24, 53, 61], [1, 7, 24, 53, 0], [1, 8, 24, 53, 61], [0, 9, 24, 54, 63], [0, 10, 24, 54, 63], [1, 9, 24, 54, 63], [1, 10, 24, 54, 63]
27, [0, 1, 27, 55, 64], [0, 2, 27, 55, 64], [1, 1, 27, 55, 64], [1, 2, 27, 55, 64], [0, 3, 27, 57, 64], [1, 3, 27, 57, 64], [0, 4, 27, 60, 65], [0, 5, 27, 60, 66], [0, 6, 27, 60, 66], [0, 7, 27, 60, 66], [0, 8, 27, 61, 70], [1, 8, 27, 61, 70], [0, 9, 27, 63, 70], [0, 10, 27, 63, 70], [1, 9, 27, 63, 70], [1, 10, 27, 63, 70]
25, [0, 4, 25, 58, 59], [0, 5, 25, 58, 59], [0, 6, 25, 58, 59], [0, 7, 25, 58, 59]
26, [0, 4, 26, 59, 60], [0, 5, 26, 59, 60], [0, 6, 26, 59, 60], [0, 7, 26, 59, 60]
30, [0, 1, 30, 64, 0], [0, 2, 30, 64, 71], [0, 3, 30, 64, 71], [1, 1, 30, 64, 0], [1, 2, 30, 64, 71], [1, 3, 30, 64, 71], [0, 4, 30, 68, 73], [0, 5, 30, 68, 74], [0, 6, 30, 68, 75], [0, 7, 30, 68, 78], [0, 8, 30, 70, 78], [0, 9, 30, 70, 77], [0, 10, 30, 70, 0], [1, 8, 30, 70, 78], [1, 9, 30, 70, 77], [1, 10, 30, 70, 0]
28, [0, 4, 28, 65, 67], [0, 5, 28, 66, 67], [0, 6, 28, 66, 67], [0, 7, 28, 66, 67]
29, [0, 4, 29, 67, 68], [0, 5, 29, 67, 68], [0, 6, 29, 67, 68], [0, 7, 29, 67, 68]
33, [0, 2, 33, 71, 79], [0, 3, 33, 71, 79], [1, 2, 33, 71, 79], [1, 3, 33, 71, 79], [0, 4, 33, 73, 81], [1, 4, 33, 73, 81], [0, 5, 33, 74, 81], [1, 5, 33, 74, 81], [0, 6, 33, 75, 81], [1, 6, 33, 75, 81], [0, 9, 33, 77, 82], [1, 9, 33, 77, 82], [0, 7, 33, 78, 82], [0, 8, 33, 78, 82], [1, 7, 33, 78, 82], [1, 8, 33, 78, 82]
36, [0, 2, 36, 79, 83], [0, 3, 36, 79, 83], [1, 2, 36, 79, 83], [1, 3, 36, 79, 83], [0, 4, 36, 81, 84], [0, 5, 36, 81, 84], [0, 6, 36, 81, 84], [1, 4, 36, 81, 85], [1, 5, 36, 81, 85], [1, 6, 36, 81, 85], [0, 7, 36, 82, 84], [0, 8, 36, 82, 0], [0, 9, 36, 82, 0], [1, 7, 36, 82, 85], [1, 8, 36, 82, 86], [1, 9, 36, 82, 86]
39, [0, 3, 39, 83, 87], [1, 3, 39, 83, 87], [0, 4, 39, 84, 88], [0, 5, 39, 84, 89], [0, 6, 39, 84, 0], [0, 7, 39, 84, 0], [1, 4, 39, 85, 88], [1, 5, 39, 85, 89], [1, 6, 39, 85, 90], [1, 7, 39, 85, 90], [2, 8, 39, 86, 0], [1, 8, 39, 86, 0]
42, [0, 3, 42, 87, 0], [1, 3, 42, 87, 0], [0, 4, 42, 88, 0], [1, 4, 42, 88, 0], [0, 5, 42, 89, 0], [1, 5, 42, 89, 0], [2, 6, 42, 90, 0], [1, 6, 42, 90, 0]
occupied_tubes
0, [0, 0, 0, 1, 0], [0, 1, 0, 1, 0], [1, 0, 0, 1, 0], [1, 1, 0, 1, 0], [0, 2, 0, 2, 0], [1, 2, 0, 2, 0], [0, 5, 0, 3, 0], [0, 6, 0, 3, 0], [1, 5, 0, 3, 0], [1, 6, 0, 3, 0], [0, 9, 0, 5, 0], [1, 9, 0, 5, 0], [2, 11, 0, 6, 0], [2, 10, 0, 6, 0], [1, 11, 0, 6, 0], [1, 10, 0, 6, 0]
3, [0, 1, 3, 7, 1], [0, 2, 3, 7, 2], [0, 3, 3, 7, 0], [0, 4, 3, 7, 0], [1, 1, 3, 8, 1], [1, 2, 3, 8, 2], [1, 3, 3, 8, 0], [1, 4, 3, 8, 0], [1, 5, 3, 9, 3], [1, 6, 3, 9, 3], [1, 7, 3, 9, 0], [1, 8, 3, 9, 0], [0, 5, 3, 10, 3], [0, 6, 3, 10, 3], [0, 7, 3, 10, 0], [0, 8, 3, 10, 0], [0, 9, 3, 11, 5], [0, 10, 3, 11, 0], [1, 9, 3, 11, 5], [1, 10, 3, 11, 6]
6, [0, 1, 6, 12, 7], [1, 1, 6, 12, 8], [0, 2, 6, 13, 7], [0, 3, 6, 13, 7], [0, 4, 6, 13, 7], [0, 5, 6, 13, 10], [1, 2, 6, 14, 8], [1, 3, 6, 14, 8], [1, 4, 6, 14, 8], [1, 5, 6, 14, 9], [0, 6, 6, 15, 10], [0, 7, 6, 15, 10], [1, 6, 6, 15, 9], [1, 7, 6, 15, 9], [0, 8, 6, 16, 10], [0, 9, 6, 16, 11], [0, 10, 6, 16, 11], [1, 8, 6, 16, 9], [1, 9, 6, 16, 11], [1, 10, 6, 16, 11]
9, [0, 1, 9, 17, 12], [0, 2, 9, 17, 13], [1, 1, 9, 17, 12], [1, 2, 9, 17, 14], [0, 3, 9, 18, 13], [0, 4, 9, 18, 13], [0, 5, 9, 21, 13], [0, 6, 9, 21, 15], [1, 5, 9, 21, 14], [1, 6, 9, 21, 15], [0, 7, 9, 22, 15], [0, 8, 9, 22, 16], [0, 9, 9, 22, 16], [0, 10, 9, 22, 16], [1, 7, 9, 23, 15], [1, 8, 9, 23, 16], [1, 9, 9, 23, 16], [1, 10, 9, 23, 16]
10, [0, 3, 10, 19, 18], [0, 4, 10, 19, 18]
11, [0, 3, 11, 20, 19], [0, 4, 11, 20, 19]
12, [0, 1, 12, 24, 17], [0, 2, 12, 24, 17], [1, 1, 12, 24, 17], [1, 2, 12, 24, 17], [0, 3, 12, 25, 20], [0, 4, 12, 25, 20], [0, 5, 12, 28, 21], [0, 6, 12, 28, 21], [1, 5, 12, 28, 21], [1, 6, 12, 28, 21], [0, 7, 12, 30, 22], [0, 8, 12, 30, 22], [1, 7, 12, 30, 23], [1, 8, 12, 30, 23], [0, 9, 12, 31, 22], [0, 10, 12, 31, 22], [1, 9, 12, 31, 23], [1, 10, 12, 31, 23]
13, [0, 3, 13, 26, 25], [0, 4, 13, 26, 25]
14, [0, 3, 14, 27, 26], [0, 4, 14, 27, 26]
15, [0, 1, 15, 32, 24], [0, 2, 15, 32, 24], [1, 1, 15, 32, 24], [1, 2, 15, 32, 24], [0, 3, 15, 33, 27], [0, 4, 15, 33, 27], [0, 5, 15, 36, 28], [1, 5, 15, 36, 28], [0, 6, 15, 37, 28], [0, 7, 15, 37, 30], [1, 6, 15, 37, 28], [1, 7, 15, 37, 30], [0, 8, 15, 38, 30], [0, 9, 15, 38, 31], [1, 8, 15, 38, 30], [1, 9, 15, 38, 31], [0, 10, 15, 39, 31], [1, 10, 15, 39, 31]
16, [0, 3, 16, 34, 33], [0, 4, 16, 34, 33]
17, [0, 3, 17, 35, 34], [0, 4, 17, 35, 34]
18, [0, 1, 18, 43, 32], [0, 2, 18, 43, 32], [0, 3, 18, 43, 35], [1, 1, 18, 43, 32], [1, 2, 18, 43, 32], [1, 3, 18, 43, 0], [0, 4, 18, 45, 35], [0, 5, 18, 45, 36], [1, 4, 18, 45, 0], [1, 5, 18, 45, 36], [0, 6, 18, 46, 37], [0, 7, 18, 46, 37], [1, 6, 18, 46, 37], [1, 7, 18, 46, 37], [0, 8, 18, 47, 38], [0, 9, 18, 47, 38], [0, 10, 18, 47, 39], [1, 8, 18, 47, 38], [1, 9, 18, 47, 38], [1, 10, 18, 47, 39]
21, [0, 1, 21, 50, 43], [0, 2, 21, 50, 43], [1, 1, 21, 50, 43], [1, 2, 21, 50, 43], [0, 3, 21, 51, 43], [0, 4, 21, 51, 45], [1, 3, 21, 51, 43], [1, 4, 21, 51, 45], [0, 5, 21, 52, 45], [0, 6, 21, 52, 46], [1, 5, 21, 52, 45], [1, 6, 21, 52, 46], [0, 7, 21, 53, 46], [0, 8, 21, 53, 47], [1, 7, 21, 53, 46], [1, 8, 21, 53, 47], [0, 9, 21, 54, 47], [0, 10, 21, 54, 47], [1, 9, 21, 54, 47], [1, 10, 21, 54, 47]
24, [0, 1, 24, 55, 50], [0, 2, 24, 55, 50], [1, 1, 24, 55, 50], [1, 2, 24, 55, 50], [0, 3, 24, 57, 51], [1, 3, 24, 57, 51], [0, 4, 24, 58, 51], [0, 5, 24, 58, 52], [0, 6, 24, 58, 52], [0, 7, 24, 58, 53], [0, 8, 24, 61, 53], [1, 8, 24, 61, 53], [0, 9, 24, 63, 54], [0, 10, 24, 63, 54], [1, 9, 24, 63, 54], [1, 10, 24, 63, 54]
25, [0, 4, 25, 59, 58], [0, 5, 25, 59, 58], [0, 6, 25, 59, 58], [0, 7, 25, 59, 58]
26, [0, 4, 26, 60, 59], [0, 5, 26, 60, 59], [0, 6, 26, 60, 59], [0, 7, 26, 60, 59]
27, [0, 1, 27, 64, 55], [0, 2, 27, 64, 55], [0, 3, 27, 64, 57], [1, 1, 27, 64, 55], [1, 2, 27, 64, 55], [1, 3, 27, 64, 57], [0, 4, 27, 65, 60], [0, 5, 27, 66, 60], [0, 6, 27, 66, 60], [0, 7, 27, 66, 60], [0, 8, 27, 70, 61], [0, 9, 27, 70, 63], [0, 10, 27, 70, 63], [1, 8, 27, 70, 61], [1, 9, 27, 70, 63], [1, 10, 27, 70, 63]
28, [0, 4, 28, 67, 65], [0, 5, 28, 67, 66], [0, 6, 28, 67, 66], [0, 7, 28, 67, 66]
29, [0, 4, 29, 68, 67], [0, 5, 29, 68, 67], [0, 6, 29, 68, 67], [0, 7, 29, 68, 67]
30, [0, 2, 30, 71, 64], [0, 3, 30, 71, 64], [1, 2, 30, 71, 64], [1, 3, 30, 71, 64], [0, 4, 30, 73, 68], [1, 4, 30, 73, 0], [0, 5, 30, 74, 68], [1, 5, 30, 74, 0], [0, 6, 30, 75, 68], [1, 6, 30, 75, 0], [0, 9, 30, 77, 70], [1, 9, 30, 77, 70], [0, 7, 30, 78, 68], [0, 8, 30, 78, 70], [1, 7, 30, 78, 0], [1, 8, 30, 78, 70]
33, [0, 2, 33, 79, 71], [0, 3, 33, 79, 71], [1, 2, 33, 79, 71], [1, 3, 33, 79, 71], [0, 4, 33, 81, 73], [0, 5, 33, 81, 74], [0, 6, 33, 81, 75], [1, 4, 33, 81, 73], [1, 5, 33, 81, 74], [1, 6, 33, 81, 75], [0, 7, 33, 82, 78], [0, 8, 33, 82, 78], [0, 9, 33, 82, 77], [1, 7, 33, 82, 78], [1, 8, 33, 82, 78], [1, 9, 33, 82, 77]
36, [0, 2, 36, 83, 79], [0, 3, 36, 83, 79], [1, 2, 36, 83, 79], [1, 3, 36, 83, 79], [0, 4, 36, 84, 81], [0, 5, 36, 84, 81], [0, 6, 36, 84, 81], [0, 7, 36, 84, 82], [1, 4, 36, 85, 81], [1, 5, 36, 85, 81], [1, 6, 36, 85, 81], [1, 7, 36, 85, 82], [2, 9, 36, 86, 0], [2, 8, 36, 86, 0], [1, 9, 36, 86, 82], [1, 8, 36, 86, 82]
39, [0, 2, 39, 87, 0], [0, 3, 39, 87, 83], [1, 2, 39, 87, 0], [1, 3, 39, 87, 83], [0, 4, 39, 88, 84], [1, 4, 39, 88, 85], [0, 5, 39, 89, 84], [1, 5, 39, 89, 85], [2, 7, 39, 90, 0], [2, 6, 39, 90, 0], [1, 7, 39, 90, 85], [1, 6, 39, 90, 85]
image_path
configurations\\placeholder.jpg
