lego_bricks
1, 3003, Green
2, 3003, Green
3, 3003, Green
4, 3003, Green
5, 3003, Red
6, 3003, Blue
7, 3003, Red
8, 3003, Red
9, 3003, Blue
10, 3003, Red
11, 3003, Red
12, 3003, Red
13, 3003, Red
14, 3003, Red
15, 3003, Yellow
16, 3003, Red
17, 3003, Blue
18, 3003, Red
19, 3003, Red
20, 3003, Blue
21, 3003, Blue
22, 3003, Blue
23, 3003, Blue
24, 3003, Blue
25, 3003, Blue
26, 3003, Blue
occupied_space
0, [0, 0, 0, 1], [0, 1, 0, 1], [1, 0, 0, 1], [1, 1, 0, 1], [0, 2, 0, 2], [0, 3, 0, 2], [1, 2, 0, 2], [1, 3, 0, 2], [0, 4, 0, 3], [0, 5, 0, 3], [1, 4, 0, 3], [1, 5, 0, 3], [0, 6, 0, 4], [0, 7, 0, 4], [1, 6, 0, 4], [1, 7, 0, 4]
1, [0, 0, 1, 1], [0, 1, 1, 1], [1, 0, 1, 1], [1, 1, 1, 1], [0, 2, 1, 2], [0, 3, 1, 2], [1, 2, 1, 2], [1, 3, 1, 2], [0, 4, 1, 3], [0, 5, 1, 3], [1, 4, 1, 3], [1, 5, 1, 3], [0, 6, 1, 4], [0, 7, 1, 4], [1, 6, 1, 4], [1, 7, 1, 4]
2, [0, 0, 2, 1], [0, 1, 2, 1], [1, 0, 2, 1], [1, 1, 2, 1], [0, 2, 2, 2], [0, 3, 2, 2], [1, 2, 2, 2], [1, 3, 2, 2], [0, 4, 2, 3], [0, 5, 2, 3], [1, 4, 2, 3], [1, 5, 2, 3], [0, 6, 2, 4], [0, 7, 2, 4], [1, 6, 2, 4], [1, 7, 2, 4]
3, [0, 1, 3, 5], [0, 2, 3, 5], [1, 1, 3, 5], [1, 2, 3, 5], [0, 3, 3, 6], [0, 4, 3, 6], [1, 3, 3, 6], [1, 4, 3, 6], [0, 5, 3, 7], [0, 6, 3, 7], [1, 5, 3, 7], [1, 6, 3, 7]
4, [0, 1, 4, 5], [0, 2, 4, 5], [1, 1, 4, 5], [1, 2, 4, 5], [0, 3, 4, 6], [0, 4, 4, 6], [1, 3, 4, 6], [1, 4, 4, 6], [0, 5, 4, 7], [0, 6, 4, 7], [1, 5, 4, 7], [1, 6, 4, 7]
5, [0, 1, 5, 5], [0, 2, 5, 5], [1, 1, 5, 5], [1, 2, 5, 5], [0, 3, 5, 6], [0, 4, 5, 6], [1, 3, 5, 6], [1, 4, 5, 6], [0, 5, 5, 7], [0, 6, 5, 7], [1, 5, 5, 7], [1, 6, 5, 7]
6, [0, 1, 6, 8], [0, 2, 6, 8], [1, 1, 6, 8], [1, 2, 6, 8], [0, 3, 6, 9], [0, 4, 6, 9], [1, 3, 6, 9], [1, 4, 6, 9], [0, 5, 6, 10], [0, 6, 6, 10], [1, 5, 6, 10], [1, 6, 6, 10]
7, [0, 1, 7, 8], [0, 2, 7, 8], [1, 1, 7, 8], [1, 2, 7, 8], [0, 3, 7, 9], [0, 4, 7, 9], [1, 3, 7, 9], [1, 4, 7, 9], [0, 5, 7, 10], [0, 6, 7, 10], [1, 5, 7, 10], [1, 6, 7, 10]
8, [0, 1, 8, 8], [0, 2, 8, 8], [1, 1, 8, 8], [1, 2, 8, 8], [0, 3, 8, 9], [0, 4, 8, 9], [1, 3, 8, 9], [1, 4, 8, 9], [0, 5, 8, 10], [0, 6, 8, 10], [1, 5, 8, 10], [1, 6, 8, 10]
9, [0, 1, 9, 11], [0, 2, 9, 11], [1, 1, 9, 11], [1, 2, 9, 11], [0, 3, 9, 12], [0, 4, 9, 12], [1, 3, 9, 12], [1, 4, 9, 12], [0, 5, 9, 13], [0, 6, 9, 13], [1, 5, 9, 13], [1, 6, 9, 13]
10, [0, 1, 10, 11], [0, 2, 10, 11], [1, 1, 10, 11], [1, 2, 10, 11], [0, 3, 10, 12], [0, 4, 10, 12], [1, 3, 10, 12], [1, 4, 10, 12], [0, 5, 10, 13], [0, 6, 10, 13], [1, 5, 10, 13], [1, 6, 10, 13]
11, [0, 1, 11, 11], [0, 2, 11, 11], [1, 1, 11, 11], [1, 2, 11, 11], [0, 3, 11, 12], [0, 4, 11, 12], [1, 3, 11, 12], [1, 4, 11, 12], [0, 5, 11, 13], [0, 6, 11, 13], [1, 5, 11, 13], [1, 6, 11, 13]
12, [0, 1, 12, 14], [0, 2, 12, 14], [1, 1, 12, 14], [1, 2, 12, 14], [0, 3, 12, 15], [0, 4, 12, 15], [1, 3, 12, 15], [1, 4, 12, 15], [0, 5, 12, 16], [0, 6, 12, 16], [1, 5, 12, 16], [1, 6, 12, 16]
13, [0, 1, 13, 14], [0, 2, 13, 14], [1, 1, 13, 14], [1, 2, 13, 14], [0, 3, 13, 15], [0, 4, 13, 15], [1, 3, 13, 15], [1, 4, 13, 15], [0, 5, 13, 16], [0, 6, 13, 16], [1, 5, 13, 16], [1, 6, 13, 16]
14, [0, 1, 14, 14], [0, 2, 14, 14], [1, 1, 14, 14], [1, 2, 14, 14], [0, 3, 14, 15], [0, 4, 14, 15], [1, 3, 14, 15], [1, 4, 14, 15], [0, 5, 14, 16], [0, 6, 14, 16], [1, 5, 14, 16], [1, 6, 14, 16]
15, [0, 0, 15, 17], [0, 1, 15, 17], [1, 0, 15, 17], [1, 1, 15, 17], [0, 2, 15, 18], [0, 3, 15, 18], [1, 2, 15, 18], [1, 3, 15, 18], [0, 4, 15, 19], [0, 5, 15, 19], [1, 4, 15, 19], [1, 5, 15, 19], [0, 6, 15, 20], [0, 7, 15, 20], [1, 6, 15, 20], [1, 7, 15, 20]
16, [0, 0, 16, 17], [0, 1, 16, 17], [1, 0, 16, 17], [1, 1, 16, 17], [0, 2, 16, 18], [0, 3, 16, 18], [1, 2, 16, 18], [1, 3, 16, 18], [0, 4, 16, 19], [0, 5, 16, 19], [1, 4, 16, 19], [1, 5, 16, 19], [0, 6, 16, 20], [0, 7, 16, 20], [1, 6, 16, 20], [1, 7, 16, 20]
17, [0, 0, 17, 17], [0, 1, 17, 17], [1, 0, 17, 17], [1, 1, 17, 17], [0, 2, 17, 18], [0, 3, 17, 18], [1, 2, 17, 18], [1, 3, 17, 18], [0, 4, 17, 19], [0, 5, 17, 19], [1, 4, 17, 19], [1, 5, 17, 19], [0, 6, 17, 20], [0, 7, 17, 20], [1, 6, 17, 20], [1, 7, 17, 20]
18, [0, 1, 18, 21], [0, 2, 18, 21], [1, 1, 18, 21], [1, 2, 18, 21], [0, 3, 18, 22], [0, 4, 18, 22], [1, 3, 18, 22], [1, 4, 18, 22], [0, 5, 18, 23], [0, 6, 18, 23], [1, 5, 18, 23], [1, 6, 18, 23]
19, [0, 1, 19, 21], [0, 2, 19, 21], [1, 1, 19, 21], [1, 2, 19, 21], [0, 3, 19, 22], [0, 4, 19, 22], [1, 3, 19, 22], [1, 4, 19, 22], [0, 5, 19, 23], [0, 6, 19, 23], [1, 5, 19, 23], [1, 6, 19, 23]
20, [0, 1, 20, 21], [0, 2, 20, 21], [1, 1, 20, 21], [1, 2, 20, 21], [0, 3, 20, 22], [0, 4, 20, 22], [1, 3, 20, 22], [1, 4, 20, 22], [0, 5, 20, 23], [0, 6, 20, 23], [1, 5, 20, 23], [1, 6, 20, 23]
21, [0, 2, 21, 24], [0, 3, 21, 24], [1, 2, 21, 24], [1, 3, 21, 24], [0, 4, 21, 25], [0, 5, 21, 25], [1, 4, 21, 25], [1, 5, 21, 25]
22, [0, 2, 22, 24], [0, 3, 22, 24], [1, 2, 22, 24], [1, 3, 22, 24], [0, 4, 22, 25], [0, 5, 22, 25], [1, 4, 22, 25], [1, 5, 22, 25]
23, [0, 2, 23, 24], [0, 3, 23, 24], [1, 2, 23, 24], [1, 3, 23, 24], [0, 4, 23, 25], [0, 5, 23, 25], [1, 4, 23, 25], [1, 5, 23, 25]
24, [0, 3, 24, 26], [0, 4, 24, 26], [1, 3, 24, 26], [1, 4, 24, 26]
25, [0, 3, 25, 26], [0, 4, 25, 26], [1, 3, 25, 26], [1, 4, 25, 26]
26, [0, 3, 26, 26], [0, 4, 26, 26], [1, 3, 26, 26], [1, 4, 26, 26]
occupied_studs
3, [0, 0, 3, 1, 0], [0, 1, 3, 1, 5], [1, 0, 3, 1, 0], [1, 1, 3, 1, 5], [0, 2, 3, 2, 5], [0, 3, 3, 2, 6], [1, 2, 3, 2, 5], [1, 3, 3, 2, 6], [0, 4, 3, 3, 6], [0, 5, 3, 3, 7], [1, 4, 3, 3, 6], [1, 5, 3, 3, 7], [0, 6, 3, 4, 7], [0, 7, 3, 4, 0], [1, 6, 3, 4, 7], [1, 7, 3, 4, 0]
6, [0, 1, 6, 5, 8], [0, 2, 6, 5, 8], [1, 1, 6, 5, 8], [1, 2, 6, 5, 8], [0, 3, 6, 6, 9], [0, 4, 6, 6, 9], [1, 3, 6, 6, 9], [1, 4, 6, 6, 9], [0, 5, 6, 7, 10], [0, 6, 6, 7, 10], [1, 5, 6, 7, 10], [1, 6, 6, 7, 10]
9, [0, 1, 9, 8, 11], [0, 2, 9, 8, 11], [1, 1, 9, 8, 11], [1, 2, 9, 8, 11], [0, 3, 9, 9, 12], [0, 4, 9, 9, 12], [1, 3, 9, 9, 12], [1, 4, 9, 9, 12], [0, 5, 9, 10, 13], [0, 6, 9, 10, 13], [1, 5, 9, 10, 13], [1, 6, 9, 10, 13]
12, [0, 1, 12, 11, 14], [0, 2, 12, 11, 14], [1, 1, 12, 11, 14], [1, 2, 12, 11, 14], [0, 3, 12, 12, 15], [0, 4, 12, 12, 15], [1, 3, 12, 12, 15], [1, 4, 12, 12, 15], [0, 5, 12, 13, 16], [0, 6, 12, 13, 16], [1, 5, 12, 13, 16], [1, 6, 12, 13, 16]
15, [0, 1, 15, 14, 17], [0, 2, 15, 14, 18], [1, 1, 15, 14, 17], [1, 2, 15, 14, 18], [0, 3, 15, 15, 18], [0, 4, 15, 15, 19], [1, 3, 15, 15, 18], [1, 4, 15, 15, 19], [0, 5, 15, 16, 19], [0, 6, 15, 16, 20], [1, 5, 15, 16, 19], [1, 6, 15, 16, 20]
18, [0, 0, 18, 17, 0], [0, 1, 18, 17, 21], [1, 0, 18, 17, 0], [1, 1, 18, 17, 21], [0, 2, 18, 18, 21], [0, 3, 18, 18, 22], [1, 2, 18, 18, 21], [1, 3, 18, 18, 22], [0, 4, 18, 19, 22], [0, 5, 18, 19, 23], [1, 4, 18, 19, 22], [1, 5, 18, 19, 23], [0, 6, 18, 20, 23], [0, 7, 18, 20, 0], [1, 6, 18, 20, 23], [1, 7, 18, 20, 0]
21, [0, 1, 21, 21, 0], [0, 2, 21, 21, 24], [1, 1, 21, 21, 0], [1, 2, 21, 21, 24], [0, 3, 21, 22, 24], [0, 4, 21, 22, 25], [1, 3, 21, 22, 24], [1, 4, 21, 22, 25], [0, 5, 21, 23, 25], [0, 6, 21, 23, 0], [1, 5, 21, 23, 25], [1, 6, 21, 23, 0]
24, [0, 2, 24, 24, 0], [0, 3, 24, 24, 26], [1, 2, 24, 24, 0], [1, 3, 24, 24, 26], [0, 4, 24, 25, 26], [0, 5, 24, 25, 0], [1, 4, 24, 25, 26], [1, 5, 24, 25, 0]
27, [0, 3, 27, 26, 0], [0, 4, 27, 26, 0], [1, 3, 27, 26, 0], [1, 4, 27, 26, 0]
occupied_tubes
0, [0, 0, 0, 1, 0], [0, 1, 0, 1, 0], [1, 0, 0, 1, 0], [1, 1, 0, 1, 0], [0, 2, 0, 2, 0], [0, 3, 0, 2, 0], [1, 2, 0, 2, 0], [1, 3, 0, 2, 0], [0, 4, 0, 3, 0], [0, 5, 0, 3, 0], [1, 4, 0, 3, 0], [1, 5, 0, 3, 0], [0, 6, 0, 4, 0], [0, 7, 0, 4, 0], [1, 6, 0, 4, 0], [1, 7, 0, 4, 0]
3, [0, 1, 3, 5, 1], [0, 2, 3, 5, 2], [1, 1, 3, 5, 1], [1, 2, 3, 5, 2], [0, 3, 3, 6, 2], [0, 4, 3, 6, 3], [1, 3, 3, 6, 2], [1, 4, 3, 6, 3], [0, 5, 3, 7, 3], [0, 6, 3, 7, 4], [1, 5, 3, 7, 3], [1, 6, 3, 7, 4]
6, [0, 1, 6, 8, 5], [0, 2, 6, 8, 5], [1, 1, 6, 8, 5], [1, 2, 6, 8, 5], [0, 3, 6, 9, 6], [0, 4, 6, 9, 6], [1, 3, 6, 9, 6], [1, 4, 6, 9, 6], [0, 5, 6, 10, 7], [0, 6, 6, 10, 7], [1, 5, 6, 10, 7], [1, 6, 6, 10, 7]
9, [0, 1, 9, 11, 8], [0, 2, 9, 11, 8], [1, 1, 9, 11, 8], [1, 2, 9, 11, 8], [0, 3, 9, 12, 9], [0, 4, 9, 12, 9], [1, 3, 9, 12, 9], [1, 4, 9, 12, 9], [0, 5, 9, 13, 10], [0, 6, 9, 13, 10], [1, 5, 9, 13, 10], [1, 6, 9, 13, 10]
12, [0, 1, 12, 14, 11], [0, 2, 12, 14, 11], [1, 1, 12, 14, 11], [1, 2, 12, 14, 11], [0, 3, 12, 15, 12], [0, 4, 12, 15, 12], [1, 3, 12, 15, 12], [1, 4, 12, 15, 12], [0, 5, 12, 16, 13], [0, 6, 12, 16, 13], [1, 5, 12, 16, 13], [1, 6, 12, 16, 13]
15, [0, 0, 15, 17, 0], [0, 1, 15, 17, 14], [1, 0, 15, 17, 0], [1, 1, 15, 17, 14], [0, 2, 15, 18, 14], [0, 3, 15, 18, 15], [1, 2, 15, 18, 14], [1, 3, 15, 18, 15], [0, 4, 15, 19, 15], [0, 5, 15, 19, 16], [1, 4, 15, 19, 15], [1, 5, 15, 19, 16], [0, 6, 15, 20, 16], [0, 7, 15, 20, 0], [1, 6, 15, 20, 16], [1, 7, 15, 20, 0]
18, [0, 1, 18, 21, 17], [0, 2, 18, 21, 18], [1, 1, 18, 21, 17], [1, 2, 18, 21, 18], [0, 3, 18, 22, 18], [0, 4, 18, 22, 19], [1, 3, 18, 22, 18], [1, 4, 18, 22, 19], [0, 5, 18, 23, 19], [0, 6, 18, 23, 20], [1, 5, 18, 23, 19], [1, 6, 18, 23, 20]
21, [0, 2, 21, 24, 21], [0, 3, 21, 24, 22], [1, 2, 21, 24, 21], [1, 3, 21, 24, 22], [0, 4, 21, 25, 22], [0, 5, 21, 25, 23], [1, 4, 21, 25, 22], [1, 5, 21, 25, 23]
24, [0, 3, 24, 26, 24], [0, 4, 24, 26, 25], [1, 3, 24, 26, 24], [1, 4, 24, 26, 25]
image_path
configurations\\placeholder.jpg
