lego_bricks
1, 3003, Yellow
2, 3003, Yellow
3, 3003, Yellow
4, 3003, Yellow
7, 3003, Green
8, 3002, Green
9, 3002, Green
10, 3003, Green
11, 3002, Green
12, 3003, Green
13, 3002, Green
14, 3003, Green
16, 3002, Yellow
18, 3002, Green
19, 4073, Red
20, 4073, Red
occupied_space
0, [0, 0, 0, 1], [0, 1, 0, 1], [1, 0, 0, 1], [1, 1, 0, 1], [5, 0, 0, 2], [5, 1, 0, 2], [6, 0, 0, 2], [6, 1, 0, 2], [0, 6, 0, 3], [0, 7, 0, 3], [1, 6, 0, 3], [1, 7, 0, 3], [5, 6, 0, 4], [5, 7, 0, 4], [6, 6, 0, 4], [6, 7, 0, 4]
1, [0, 0, 1, 1], [0, 1, 1, 1], [1, 0, 1, 1], [1, 1, 1, 1], [5, 0, 1, 2], [5, 1, 1, 2], [6, 0, 1, 2], [6, 1, 1, 2], [0, 6, 1, 3], [0, 7, 1, 3], [1, 6, 1, 3], [1, 7, 1, 3], [5, 6, 1, 4], [5, 7, 1, 4], [6, 6, 1, 4], [6, 7, 1, 4]
2, [0, 0, 2, 1], [0, 1, 2, 1], [1, 0, 2, 1], [1, 1, 2, 1], [5, 0, 2, 2], [5, 1, 2, 2], [6, 0, 2, 2], [6, 1, 2, 2], [0, 6, 2, 3], [0, 7, 2, 3], [1, 6, 2, 3], [1, 7, 2, 3], [5, 6, 2, 4], [5, 7, 2, 4], [6, 6, 2, 4], [6, 7, 2, 4]
3, [1, 2, 3, 7], [2, 2, 3, 7], [1, 1, 3, 7], [2, 1, 3, 7], [7, 1, 3, 8], [6, 1, 3, 8], [5, 1, 3, 8], [7, 2, 3, 8], [6, 2, 3, 8], [5, 2, 3, 8], [7, 6, 3, 9], [6, 6, 3, 9], [5, 6, 3, 9], [7, 7, 3, 9], [6, 7, 3, 9], [5, 7, 3, 9], [1, 7, 3, 10], [2, 7, 3, 10], [1, 6, 3, 10], [2, 6, 3, 10], [5, 4, 3, 16], [6, 4, 3, 16], [7, 4, 3, 16], [5, 3, 3, 16], [6, 3, 3, 16], [7, 3, 3, 16]
4, [1, 2, 4, 7], [2, 2, 4, 7], [1, 1, 4, 7], [2, 1, 4, 7], [7, 1, 4, 8], [6, 1, 4, 8], [5, 1, 4, 8], [7, 2, 4, 8], [6, 2, 4, 8], [5, 2, 4, 8], [7, 6, 4, 9], [6, 6, 4, 9], [5, 6, 4, 9], [7, 7, 4, 9], [6, 7, 4, 9], [5, 7, 4, 9], [1, 7, 4, 10], [2, 7, 4, 10], [1, 6, 4, 10], [2, 6, 4, 10], [5, 4, 4, 16], [6, 4, 4, 16], [7, 4, 4, 16], [5, 3, 4, 16], [6, 3, 4, 16], [7, 3, 4, 16]
5, [1, 2, 5, 7], [2, 2, 5, 7], [1, 1, 5, 7], [2, 1, 5, 7], [7, 1, 5, 8], [6, 1, 5, 8], [5, 1, 5, 8], [7, 2, 5, 8], [6, 2, 5, 8], [5, 2, 5, 8], [7, 6, 5, 9], [6, 6, 5, 9], [5, 6, 5, 9], [7, 7, 5, 9], [6, 7, 5, 9], [5, 7, 5, 9], [1, 7, 5, 10], [2, 7, 5, 10], [1, 6, 5, 10], [2, 6, 5, 10], [5, 4, 5, 16], [6, 4, 5, 16], [7, 4, 5, 16], [5, 3, 5, 16], [6, 3, 5, 16], [7, 3, 5, 16]
6, [1, 3, 6, 11], [2, 3, 6, 11], [3, 3, 6, 11], [1, 2, 6, 11], [2, 2, 6, 11], [3, 2, 6, 11], [6, 2, 6, 12], [5, 2, 6, 12], [6, 3, 6, 12], [5, 3, 6, 12], [1, 6, 6, 13], [2, 6, 6, 13], [3, 6, 6, 13], [1, 5, 6, 13], [2, 5, 6, 13], [3, 5, 6, 13], [6, 5, 6, 14], [5, 5, 6, 14], [6, 6, 6, 14], [5, 6, 6, 14], [7, 3, 6, 19], [7, 4, 6, 20]
7, [1, 3, 7, 11], [2, 3, 7, 11], [3, 3, 7, 11], [1, 2, 7, 11], [2, 2, 7, 11], [3, 2, 7, 11], [6, 2, 7, 12], [5, 2, 7, 12], [6, 3, 7, 12], [5, 3, 7, 12], [1, 6, 7, 13], [2, 6, 7, 13], [3, 6, 7, 13], [1, 5, 7, 13], [2, 5, 7, 13], [3, 5, 7, 13], [6, 5, 7, 14], [5, 5, 7, 14], [6, 6, 7, 14], [5, 6, 7, 14]
8, [1, 3, 8, 11], [2, 3, 8, 11], [3, 3, 8, 11], [1, 2, 8, 11], [2, 2, 8, 11], [3, 2, 8, 11], [6, 2, 8, 12], [5, 2, 8, 12], [6, 3, 8, 12], [5, 3, 8, 12], [1, 6, 8, 13], [2, 6, 8, 13], [3, 6, 8, 13], [1, 5, 8, 13], [2, 5, 8, 13], [3, 5, 8, 13], [6, 5, 8, 14], [5, 5, 8, 14], [6, 6, 8, 14], [5, 6, 8, 14]
9, [2, 4, 9, 18], [3, 4, 9, 18], [4, 4, 9, 18], [2, 3, 9, 18], [3, 3, 9, 18], [4, 3, 9, 18]
10, [2, 4, 10, 18], [3, 4, 10, 18], [4, 4, 10, 18], [2, 3, 10, 18], [3, 3, 10, 18], [4, 3, 10, 18]
11, [2, 4, 11, 18], [3, 4, 11, 18], [4, 4, 11, 18], [2, 3, 11, 18], [3, 3, 11, 18], [4, 3, 11, 18]
occupied_studs
3, [0, 0, 3, 1, 0], [0, 1, 3, 1, 0], [1, 0, 3, 1, 0], [1, 1, 3, 1, 7], [5, 0, 3, 2, 0], [5, 1, 3, 2, 8], [6, 0, 3, 2, 0], [6, 1, 3, 2, 8], [0, 6, 3, 3, 0], [0, 7, 3, 3, 0], [1, 6, 3, 3, 10], [1, 7, 3, 3, 10], [5, 6, 3, 4, 9], [5, 7, 3, 4, 9], [6, 6, 3, 4, 9], [6, 7, 3, 4, 9]
6, [1, 2, 6, 7, 11], [2, 2, 6, 7, 11], [1, 1, 6, 7, 0], [2, 1, 6, 7, 0], [7, 1, 6, 8, 0], [6, 1, 6, 8, 0], [5, 1, 6, 8, 0], [7, 2, 6, 8, 0], [6, 2, 6, 8, 12], [5, 2, 6, 8, 12], [7, 6, 6, 9, 0], [6, 6, 6, 9, 14], [5, 6, 6, 9, 14], [7, 7, 6, 9, 0], [6, 7, 6, 9, 0], [5, 7, 6, 9, 0], [1, 7, 6, 10, 0], [2, 7, 6, 10, 0], [1, 6, 6, 10, 13], [2, 6, 6, 10, 13], [5, 4, 6, 16, 0], [6, 4, 6, 16, 0], [7, 4, 6, 16, 20], [5, 3, 6, 16, 12], [6, 3, 6, 16, 12], [7, 3, 6, 16, 19]
9, [1, 3, 9, 11, 0], [2, 3, 9, 11, 18], [3, 3, 9, 11, 18], [1, 2, 9, 11, 0], [2, 2, 9, 11, 0], [3, 2, 9, 11, 0], [6, 2, 9, 12, 0], [5, 2, 9, 12, 0], [6, 3, 9, 12, 0], [5, 3, 9, 12, 0], [1, 6, 9, 13, 0], [2, 6, 9, 13, 0], [3, 6, 9, 13, 0], [1, 5, 9, 13, 0], [2, 5, 9, 13, 0], [3, 5, 9, 13, 0], [6, 5, 9, 14, 0], [5, 5, 9, 14, 0], [6, 6, 9, 14, 0], [5, 6, 9, 14, 0]
12, [2, 4, 12, 18, 0], [3, 4, 12, 18, 0], [4, 4, 12, 18, 0], [2, 3, 12, 18, 0], [3, 3, 12, 18, 0], [4, 3, 12, 18, 0]
8, [7, 3, 8, 19, 0], [7, 4, 8, 20, 0]
occupied_tubes
0, [0, 0, 0, 1, 0], [0, 1, 0, 1, 0], [1, 0, 0, 1, 0], [1, 1, 0, 1, 0], [5, 0, 0, 2, 0], [5, 1, 0, 2, 0], [6, 0, 0, 2, 0], [6, 1, 0, 2, 0], [0, 6, 0, 3, 0], [0, 7, 0, 3, 0], [1, 6, 0, 3, 0], [1, 7, 0, 3, 0], [5, 6, 0, 4, 0], [5, 7, 0, 4, 0], [6, 6, 0, 4, 0], [6, 7, 0, 4, 0]
3, [1, 2, 3, 7, 0], [2, 2, 3, 7, 0], [1, 1, 3, 7, 1], [2, 1, 3, 7, 0], [7, 1, 3, 8, 0], [6, 1, 3, 8, 2], [5, 1, 3, 8, 2], [7, 2, 3, 8, 0], [6, 2, 3, 8, 0], [5, 2, 3, 8, 0], [7, 6, 3, 9, 0], [6, 6, 3, 9, 4], [5, 6, 3, 9, 4], [7, 7, 3, 9, 0], [6, 7, 3, 9, 4], [5, 7, 3, 9, 4], [1, 7, 3, 10, 3], [2, 7, 3, 10, 0], [1, 6, 3, 10, 3], [2, 6, 3, 10, 0], [5, 4, 3, 16, 0], [6, 4, 3, 16, 0], [7, 4, 3, 16, 0], [5, 3, 3, 16, 0], [6, 3, 3, 16, 0], [7, 3, 3, 16, 0]
6, [1, 3, 6, 11, 0], [2, 3, 6, 11, 0], [3, 3, 6, 11, 0], [1, 2, 6, 11, 7], [2, 2, 6, 11, 7], [3, 2, 6, 11, 0], [6, 2, 6, 12, 8], [5, 2, 6, 12, 8], [6, 3, 6, 12, 16], [5, 3, 6, 12, 16], [1, 6, 6, 13, 10], [2, 6, 6, 13, 10], [3, 6, 6, 13, 0], [1, 5, 6, 13, 0], [2, 5, 6, 13, 0], [3, 5, 6, 13, 0], [6, 5, 6, 14, 0], [5, 5, 6, 14, 0], [6, 6, 6, 14, 9], [5, 6, 6, 14, 9], [7, 3, 6, 19, 16], [7, 4, 6, 20, 16]
9, [2, 4, 9, 18, 0], [3, 4, 9, 18, 0], [4, 4, 9, 18, 0], [2, 3, 9, 18, 11], [3, 3, 9, 18, 11], [4, 3, 9, 18, 0]
image_path
configurations\\placeholder.jpg
