lego_bricks
2, 3003, Green
3, 3003, Green
4, 3003, Green
6, 3002, Green
7, 3003, Green
8, 3003, Green
9, 3002, Green
10, 3002, Green
11, 3003, Lime-Green
12, 3003, Lime-Green
13, 3003, Lime-Green
14, 3002, Green
15, 3002, Lime-Green
16, 3003, Red
17, 3003, Red
18, 3003, Red
20, 3004, Lime-Green
21, 3003, Lime-Green
22, 3003, Red
23, 3003, Red
24, 3004, Black
25, 3002, Red
26, 3003, Red
27, 3003, Red
28, 3004, Red
29, 3004, Black
30, 3002, Red
31, 3002, Red
32, 3004, Black
33, 3004, Red
34, 3003, Red
35, 3002, Red
36, 3004, Black
37, 3003, Red
38, 3003, Red
39, 3004, Black
40, 3002, Red
41, 3003, Red
42, 3003, Red
43, 3003, Red
occupied_space
0, [0, 3, 0, 2], [0, 4, 0, 2], [1, 3, 0, 2], [1, 4, 0, 2], [0, 5, 0, 3], [0, 6, 0, 3], [1, 5, 0, 3], [1, 6, 0, 3], [0, 7, 0, 4], [0, 8, 0, 4], [1, 7, 0, 4], [1, 8, 0, 4]
1, [0, 3, 1, 2], [0, 4, 1, 2], [1, 3, 1, 2], [1, 4, 1, 2], [0, 5, 1, 3], [0, 6, 1, 3], [1, 5, 1, 3], [1, 6, 1, 3], [0, 7, 1, 4], [0, 8, 1, 4], [1, 7, 1, 4], [1, 8, 1, 4]
2, [0, 3, 2, 2], [0, 4, 2, 2], [1, 3, 2, 2], [1, 4, 2, 2], [0, 5, 2, 3], [0, 6, 2, 3], [1, 5, 2, 3], [1, 6, 2, 3], [0, 7, 2, 4], [0, 8, 2, 4], [1, 7, 2, 4], [1, 8, 2, 4]
3, [0, 1, 3, 6], [0, 2, 3, 6], [0, 3, 3, 6], [1, 1, 3, 6], [1, 2, 3, 6], [1, 3, 3, 6], [0, 4, 3, 7], [0, 5, 3, 7], [1, 4, 3, 7], [1, 5, 3, 7], [0, 6, 3, 8], [0, 7, 3, 8], [1, 6, 3, 8], [1, 7, 3, 8], [0, 8, 3, 9], [0, 9, 3, 9], [0, 10, 3, 9], [1, 8, 3, 9], [1, 9, 3, 9], [1, 10, 3, 9]
4, [0, 1, 4, 6], [0, 2, 4, 6], [0, 3, 4, 6], [1, 1, 4, 6], [1, 2, 4, 6], [1, 3, 4, 6], [0, 4, 4, 7], [0, 5, 4, 7], [1, 4, 4, 7], [1, 5, 4, 7], [0, 6, 4, 8], [0, 7, 4, 8], [1, 6, 4, 8], [1, 7, 4, 8], [0, 8, 4, 9], [0, 9, 4, 9], [0, 10, 4, 9], [1, 8, 4, 9], [1, 9, 4, 9], [1, 10, 4, 9]
5, [0, 1, 5, 6], [0, 2, 5, 6], [0, 3, 5, 6], [1, 1, 5, 6], [1, 2, 5, 6], [1, 3, 5, 6], [0, 4, 5, 7], [0, 5, 5, 7], [1, 4, 5, 7], [1, 5, 5, 7], [0, 6, 5, 8], [0, 7, 5, 8], [1, 6, 5, 8], [1, 7, 5, 8], [0, 8, 5, 9], [0, 9, 5, 9], [0, 10, 5, 9], [1, 8, 5, 9], [1, 9, 5, 9], [1, 10, 5, 9]
6, [0, 0, 6, 10], [0, 1, 6, 10], [0, 2, 6, 10], [1, 0, 6, 10], [1, 1, 6, 10], [1, 2, 6, 10], [0, 3, 6, 11], [0, 4, 6, 11], [1, 3, 6, 11], [1, 4, 6, 11], [0, 5, 6, 12], [0, 6, 6, 12], [1, 5, 6, 12], [1, 6, 6, 12], [0, 7, 6, 13], [0, 8, 6, 13], [1, 7, 6, 13], [1, 8, 6, 13], [0, 9, 6, 14], [0, 10, 6, 14], [0, 11, 6, 14], [1, 9, 6, 14], [1, 10, 6, 14], [1, 11, 6, 14]
7, [0, 0, 7, 10], [0, 1, 7, 10], [0, 2, 7, 10], [1, 0, 7, 10], [1, 1, 7, 10], [1, 2, 7, 10], [0, 3, 7, 11], [0, 4, 7, 11], [1, 3, 7, 11], [1, 4, 7, 11], [0, 5, 7, 12], [0, 6, 7, 12], [1, 5, 7, 12], [1, 6, 7, 12], [0, 7, 7, 13], [0, 8, 7, 13], [1, 7, 7, 13], [1, 8, 7, 13], [0, 9, 7, 14], [0, 10, 7, 14], [0, 11, 7, 14], [1, 9, 7, 14], [1, 10, 7, 14], [1, 11, 7, 14]
8, [0, 0, 8, 10], [0, 1, 8, 10], [0, 2, 8, 10], [1, 0, 8, 10], [1, 1, 8, 10], [1, 2, 8, 10], [0, 3, 8, 11], [0, 4, 8, 11], [1, 3, 8, 11], [1, 4, 8, 11], [0, 5, 8, 12], [0, 6, 8, 12], [1, 5, 8, 12], [1, 6, 8, 12], [0, 7, 8, 13], [0, 8, 8, 13], [1, 7, 8, 13], [1, 8, 8, 13], [0, 9, 8, 14], [0, 10, 8, 14], [0, 11, 8, 14], [1, 9, 8, 14], [1, 10, 8, 14], [1, 11, 8, 14]
9, [0, 0, 9, 15], [0, 1, 9, 15], [0, 2, 9, 15], [1, 0, 9, 15], [1, 1, 9, 15], [1, 2, 9, 15], [0, 3, 9, 16], [0, 4, 9, 16], [1, 3, 9, 16], [1, 4, 9, 16], [0, 5, 9, 17], [0, 6, 9, 17], [1, 5, 9, 17], [1, 6, 9, 17], [0, 7, 9, 18], [0, 8, 9, 18], [1, 7, 9, 18], [1, 8, 9, 18], [0, 9, 9, 20], [1, 9, 9, 20], [0, 10, 9, 21], [0, 11, 9, 21], [1, 10, 9, 21], [1, 11, 9, 21]
10, [0, 0, 10, 15], [0, 1, 10, 15], [0, 2, 10, 15], [1, 0, 10, 15], [1, 1, 10, 15], [1, 2, 10, 15], [0, 3, 10, 16], [0, 4, 10, 16], [1, 3, 10, 16], [1, 4, 10, 16], [0, 5, 10, 17], [0, 6, 10, 17], [1, 5, 10, 17], [1, 6, 10, 17], [0, 7, 10, 18], [0, 8, 10, 18], [1, 7, 10, 18], [1, 8, 10, 18], [0, 9, 10, 20], [1, 9, 10, 20], [0, 10, 10, 21], [0, 11, 10, 21], [1, 10, 10, 21], [1, 11, 10, 21]
11, [0, 0, 11, 15], [0, 1, 11, 15], [0, 2, 11, 15], [1, 0, 11, 15], [1, 1, 11, 15], [1, 2, 11, 15], [0, 3, 11, 16], [0, 4, 11, 16], [1, 3, 11, 16], [1, 4, 11, 16], [0, 5, 11, 17], [0, 6, 11, 17], [1, 5, 11, 17], [1, 6, 11, 17], [0, 7, 11, 18], [0, 8, 11, 18], [1, 7, 11, 18], [1, 8, 11, 18], [0, 9, 11, 20], [1, 9, 11, 20], [0, 10, 11, 21], [0, 11, 11, 21], [1, 10, 11, 21], [1, 11, 11, 21]
12, [0, 0, 12, 22], [0, 1, 12, 22], [1, 0, 12, 22], [1, 1, 12, 22], [0, 2, 12, 23], [0, 3, 12, 23], [1, 2, 12, 23], [1, 3, 12, 23], [0, 4, 12, 24], [1, 4, 12, 24], [0, 5, 12, 25], [0, 6, 12, 25], [0, 7, 12, 25], [1, 5, 12, 25], [1, 6, 12, 25], [1, 7, 12, 25], [0, 8, 12, 26], [0, 9, 12, 26], [1, 8, 12, 26], [1, 9, 12, 26], [0, 10, 12, 27], [0, 11, 12, 27], [1, 10, 12, 27], [1, 11, 12, 27]
13, [0, 0, 13, 22], [0, 1, 13, 22], [1, 0, 13, 22], [1, 1, 13, 22], [0, 2, 13, 23], [0, 3, 13, 23], [1, 2, 13, 23], [1, 3, 13, 23], [0, 4, 13, 24], [1, 4, 13, 24], [0, 5, 13, 25], [0, 6, 13, 25], [0, 7, 13, 25], [1, 5, 13, 25], [1, 6, 13, 25], [1, 7, 13, 25], [0, 8, 13, 26], [0, 9, 13, 26], [1, 8, 13, 26], [1, 9, 13, 26], [0, 10, 13, 27], [0, 11, 13, 27], [1, 10, 13, 27], [1, 11, 13, 27]
14, [0, 0, 14, 22], [0, 1, 14, 22], [1, 0, 14, 22], [1, 1, 14, 22], [0, 2, 14, 23], [0, 3, 14, 23], [1, 2, 14, 23], [1, 3, 14, 23], [0, 4, 14, 24], [1, 4, 14, 24], [0, 5, 14, 25], [0, 6, 14, 25], [0, 7, 14, 25], [1, 5, 14, 25], [1, 6, 14, 25], [1, 7, 14, 25], [0, 8, 14, 26], [0, 9, 14, 26], [1, 8, 14, 26], [1, 9, 14, 26], [0, 10, 14, 27], [0, 11, 14, 27], [1, 10, 14, 27], [1, 11, 14, 27]
15, [0, 1, 15, 28], [1, 1, 15, 28], [0, 2, 15, 29], [1, 2, 15, 29], [0, 3, 15, 30], [0, 4, 15, 30], [0, 5, 15, 30], [1, 3, 15, 30], [1, 4, 15, 30], [1, 5, 15, 30], [0, 6, 15, 31], [0, 7, 15, 31], [0, 8, 15, 31], [1, 6, 15, 31], [1, 7, 15, 31], [1, 8, 15, 31], [0, 9, 15, 32], [1, 9, 15, 32], [0, 10, 15, 33], [1, 10, 15, 33]
16, [0, 1, 16, 28], [1, 1, 16, 28], [0, 2, 16, 29], [1, 2, 16, 29], [0, 3, 16, 30], [0, 4, 16, 30], [0, 5, 16, 30], [1, 3, 16, 30], [1, 4, 16, 30], [1, 5, 16, 30], [0, 6, 16, 31], [0, 7, 16, 31], [0, 8, 16, 31], [1, 6, 16, 31], [1, 7, 16, 31], [1, 8, 16, 31], [0, 9, 16, 32], [1, 9, 16, 32], [0, 10, 16, 33], [1, 10, 16, 33]
17, [0, 1, 17, 28], [1, 1, 17, 28], [0, 2, 17, 29], [1, 2, 17, 29], [0, 3, 17, 30], [0, 4, 17, 30], [0, 5, 17, 30], [1, 3, 17, 30], [1, 4, 17, 30], [1, 5, 17, 30], [0, 6, 17, 31], [0, 7, 17, 31], [0, 8, 17, 31], [1, 6, 17, 31], [1, 7, 17, 31], [1, 8, 17, 31], [0, 9, 17, 32], [1, 9, 17, 32], [0, 10, 17, 33], [1, 10, 17, 33]
18, [0, 2, 18, 34], [0, 3, 18, 34], [1, 2, 18, 34], [1, 3, 18, 34], [0, 4, 18, 35], [0, 5, 18, 35], [0, 6, 18, 35], [1, 4, 18, 35], [1, 5, 18, 35], [1, 6, 18, 35], [0, 7, 18, 36], [1, 7, 18, 36], [0, 8, 18, 37], [0, 9, 18, 37], [1, 8, 18, 37], [1, 9, 18, 37]
19, [0, 2, 19, 34], [0, 3, 19, 34], [1, 2, 19, 34], [1, 3, 19, 34], [0, 4, 19, 35], [0, 5, 19, 35], [0, 6, 19, 35], [1, 4, 19, 35], [1, 5, 19, 35], [1, 6, 19, 35], [0, 7, 19, 36], [1, 7, 19, 36], [0, 8, 19, 37], [0, 9, 19, 37], [1, 8, 19, 37], [1, 9, 19, 37]
20, [0, 2, 20, 34], [0, 3, 20, 34], [1, 2, 20, 34], [1, 3, 20, 34], [0, 4, 20, 35], [0, 5, 20, 35], [0, 6, 20, 35], [1, 4, 20, 35], [1, 5, 20, 35], [1, 6, 20, 35], [0, 7, 20, 36], [1, 7, 20, 36], [0, 8, 20, 37], [0, 9, 20, 37], [1, 8, 20, 37], [1, 9, 20, 37]
21, [0, 3, 21, 38], [0, 4, 21, 38], [1, 3, 21, 38], [1, 4, 21, 38], [0, 5, 21, 39], [1, 5, 21, 39], [0, 6, 21, 40], [0, 7, 21, 40], [0, 8, 21, 40], [1, 6, 21, 40], [1, 7, 21, 40], [1, 8, 21, 40]
22, [0, 3, 22, 38], [0, 4, 22, 38], [1, 3, 22, 38], [1, 4, 22, 38], [0, 5, 22, 39], [1, 5, 22, 39], [0, 6, 22, 40], [0, 7, 22, 40], [0, 8, 22, 40], [1, 6, 22, 40], [1, 7, 22, 40], [1, 8, 22, 40]
23, [0, 3, 23, 38], [0, 4, 23, 38], [1, 3, 23, 38], [1, 4, 23, 38], [0, 5, 23, 39], [1, 5, 23, 39], [0, 6, 23, 40], [0, 7, 23, 40], [0, 8, 23, 40], [1, 6, 23, 40], [1, 7, 23, 40], [1, 8, 23, 40]
24, [0, 4, 24, 41], [0, 5, 24, 41], [1, 4, 24, 41], [1, 5, 24, 41], [0, 6, 24, 42], [0, 7, 24, 42], [1, 6, 24, 42], [1, 7, 24, 42]
25, [0, 4, 25, 41], [0, 5, 25, 41], [1, 4, 25, 41], [1, 5, 25, 41], [0, 6, 25, 42], [0, 7, 25, 42], [1, 6, 25, 42], [1, 7, 25, 42]
26, [0, 4, 26, 41], [0, 5, 26, 41], [1, 4, 26, 41], [1, 5, 26, 41], [0, 6, 26, 42], [0, 7, 26, 42], [1, 6, 26, 42], [1, 7, 26, 42]
27, [0, 5, 27, 43], [0, 6, 27, 43], [1, 5, 27, 43], [1, 6, 27, 43]
28, [0, 5, 28, 43], [0, 6, 28, 43], [1, 5, 28, 43], [1, 6, 28, 43]
29, [0, 5, 29, 43], [0, 6, 29, 43], [1, 5, 29, 43], [1, 6, 29, 43]
occupied_studs
3, [0, 3, 3, 2, 6], [0, 4, 3, 2, 7], [1, 3, 3, 2, 6], [1, 4, 3, 2, 7], [0, 5, 3, 3, 7], [0, 6, 3, 3, 8], [1, 5, 3, 3, 7], [1, 6, 3, 3, 8], [0, 7, 3, 4, 8], [0, 8, 3, 4, 9], [1, 7, 3, 4, 8], [1, 8, 3, 4, 9]
6, [0, 1, 6, 6, 10], [0, 2, 6, 6, 10], [0, 3, 6, 6, 11], [1, 1, 6, 6, 10], [1, 2, 6, 6, 10], [1, 3, 6, 6, 11], [0, 4, 6, 7, 11], [0, 5, 6, 7, 12], [1, 4, 6, 7, 11], [1, 5, 6, 7, 12], [0, 6, 6, 8, 12], [0, 7, 6, 8, 13], [1, 6, 6, 8, 12], [1, 7, 6, 8, 13], [0, 8, 6, 9, 13], [0, 9, 6, 9, 14], [0, 10, 6, 9, 14], [1, 8, 6, 9, 13], [1, 9, 6, 9, 14], [1, 10, 6, 9, 14]
9, [0, 0, 9, 10, 15], [0, 1, 9, 10, 15], [0, 2, 9, 10, 15], [1, 0, 9, 10, 15], [1, 1, 9, 10, 15], [1, 2, 9, 10, 15], [0, 3, 9, 11, 16], [0, 4, 9, 11, 16], [1, 3, 9, 11, 16], [1, 4, 9, 11, 16], [0, 5, 9, 12, 17], [0, 6, 9, 12, 17], [1, 5, 9, 12, 17], [1, 6, 9, 12, 17], [0, 7, 9, 13, 18], [0, 8, 9, 13, 18], [1, 7, 9, 13, 18], [1, 8, 9, 13, 18], [0, 9, 9, 14, 20], [0, 10, 9, 14, 21], [0, 11, 9, 14, 21], [1, 9, 9, 14, 20], [1, 10, 9, 14, 21], [1, 11, 9, 14, 21]
12, [0, 0, 12, 15, 22], [0, 1, 12, 15, 22], [0, 2, 12, 15, 23], [1, 0, 12, 15, 22], [1, 1, 12, 15, 22], [1, 2, 12, 15, 23], [0, 3, 12, 16, 23], [0, 4, 12, 16, 24], [1, 3, 12, 16, 23], [1, 4, 12, 16, 24], [0, 5, 12, 17, 25], [0, 6, 12, 17, 25], [1, 5, 12, 17, 25], [1, 6, 12, 17, 25], [0, 7, 12, 18, 25], [0, 8, 12, 18, 26], [1, 7, 12, 18, 25], [1, 8, 12, 18, 26], [1, 9, 12, 20, 26], [0, 9, 12, 20, 26], [0, 10, 12, 21, 27], [0, 11, 12, 21, 27], [1, 10, 12, 21, 27], [1, 11, 12, 21, 27]
15, [0, 0, 15, 22, 0], [0, 1, 15, 22, 28], [1, 0, 15, 22, 0], [1, 1, 15, 22, 28], [0, 2, 15, 23, 29], [0, 3, 15, 23, 30], [1, 2, 15, 23, 29], [1, 3, 15, 23, 30], [1, 4, 15, 24, 30], [0, 4, 15, 24, 30], [0, 5, 15, 25, 30], [0, 6, 15, 25, 31], [0, 7, 15, 25, 31], [1, 5, 15, 25, 30], [1, 6, 15, 25, 31], [1, 7, 15, 25, 31], [0, 8, 15, 26, 31], [0, 9, 15, 26, 32], [1, 8, 15, 26, 31], [1, 9, 15, 26, 32], [0, 10, 15, 27, 33], [0, 11, 15, 27, 0], [1, 10, 15, 27, 33], [1, 11, 15, 27, 0]
18, [1, 1, 18, 28, 0], [0, 1, 18, 28, 0], [1, 2, 18, 29, 34], [0, 2, 18, 29, 34], [0, 3, 18, 30, 34], [0, 4, 18, 30, 35], [0, 5, 18, 30, 35], [1, 3, 18, 30, 34], [1, 4, 18, 30, 35], [1, 5, 18, 30, 35], [0, 6, 18, 31, 35], [0, 7, 18, 31, 36], [0, 8, 18, 31, 37], [1, 6, 18, 31, 35], [1, 7, 18, 31, 36], [1, 8, 18, 31, 37], [1, 9, 18, 32, 37], [0, 9, 18, 32, 37], [1, 10, 18, 33, 0], [0, 10, 18, 33, 0]
21, [0, 2, 21, 34, 0], [0, 3, 21, 34, 38], [1, 2, 21, 34, 0], [1, 3, 21, 34, 38], [0, 4, 21, 35, 38], [0, 5, 21, 35, 39], [0, 6, 21, 35, 40], [1, 4, 21, 35, 38], [1, 5, 21, 35, 39], [1, 6, 21, 35, 40], [1, 7, 21, 36, 40], [0, 7, 21, 36, 40], [0, 8, 21, 37, 40], [0, 9, 21, 37, 0], [1, 8, 21, 37, 40], [1, 9, 21, 37, 0]
24, [0, 3, 24, 38, 0], [0, 4, 24, 38, 41], [1, 3, 24, 38, 0], [1, 4, 24, 38, 41], [1, 5, 24, 39, 41], [0, 5, 24, 39, 41], [0, 6, 24, 40, 42], [0, 7, 24, 40, 42], [0, 8, 24, 40, 0], [1, 6, 24, 40, 42], [1, 7, 24, 40, 42], [1, 8, 24, 40, 0]
27, [0, 4, 27, 41, 0], [0, 5, 27, 41, 43], [1, 4, 27, 41, 0], [1, 5, 27, 41, 43], [0, 6, 27, 42, 43], [0, 7, 27, 42, 0], [1, 6, 27, 42, 43], [1, 7, 27, 42, 0]
30, [0, 5, 30, 43, 0], [0, 6, 30, 43, 0], [1, 5, 30, 43, 0], [1, 6, 30, 43, 0]
occupied_tubes
0, [0, 3, 0, 2, 0], [0, 4, 0, 2, 0], [1, 3, 0, 2, 0], [1, 4, 0, 2, 0], [0, 5, 0, 3, 0], [0, 6, 0, 3, 0], [1, 5, 0, 3, 0], [1, 6, 0, 3, 0], [0, 7, 0, 4, 0], [0, 8, 0, 4, 0], [1, 7, 0, 4, 0], [1, 8, 0, 4, 0]
3, [0, 1, 3, 6, 0], [0, 2, 3, 6, 0], [0, 3, 3, 6, 2], [1, 1, 3, 6, 0], [1, 2, 3, 6, 0], [1, 3, 3, 6, 2], [0, 4, 3, 7, 2], [0, 5, 3, 7, 3], [1, 4, 3, 7, 2], [1, 5, 3, 7, 3], [0, 6, 3, 8, 3], [0, 7, 3, 8, 4], [1, 6, 3, 8, 3], [1, 7, 3, 8, 4], [0, 8, 3, 9, 4], [0, 9, 3, 9, 0], [0, 10, 3, 9, 0], [1, 8, 3, 9, 4], [1, 9, 3, 9, 0], [1, 10, 3, 9, 0]
6, [0, 0, 6, 10, 0], [0, 1, 6, 10, 6], [0, 2, 6, 10, 6], [1, 0, 6, 10, 0], [1, 1, 6, 10, 6], [1, 2, 6, 10, 6], [0, 3, 6, 11, 6], [0, 4, 6, 11, 7], [1, 3, 6, 11, 6], [1, 4, 6, 11, 7], [0, 5, 6, 12, 7], [0, 6, 6, 12, 8], [1, 5, 6, 12, 7], [1, 6, 6, 12, 8], [0, 7, 6, 13, 8], [0, 8, 6, 13, 9], [1, 7, 6, 13, 8], [1, 8, 6, 13, 9], [0, 9, 6, 14, 9], [0, 10, 6, 14, 9], [0, 11, 6, 14, 0], [1, 9, 6, 14, 9], [1, 10, 6, 14, 9], [1, 11, 6, 14, 0]
9, [0, 0, 9, 15, 10], [0, 1, 9, 15, 10], [0, 2, 9, 15, 10], [1, 0, 9, 15, 10], [1, 1, 9, 15, 10], [1, 2, 9, 15, 10], [0, 3, 9, 16, 11], [0, 4, 9, 16, 11], [1, 3, 9, 16, 11], [1, 4, 9, 16, 11], [0, 5, 9, 17, 12], [0, 6, 9, 17, 12], [1, 5, 9, 17, 12], [1, 6, 9, 17, 12], [0, 7, 9, 18, 13], [0, 8, 9, 18, 13], [1, 7, 9, 18, 13], [1, 8, 9, 18, 13], [1, 9, 9, 20, 14], [0, 9, 9, 20, 14], [0, 10, 9, 21, 14], [0, 11, 9, 21, 14], [1, 10, 9, 21, 14], [1, 11, 9, 21, 14]
12, [0, 0, 12, 22, 15], [0, 1, 12, 22, 15], [1, 0, 12, 22, 15], [1, 1, 12, 22, 15], [0, 2, 12, 23, 15], [0, 3, 12, 23, 16], [1, 2, 12, 23, 15], [1, 3, 12, 23, 16], [1, 4, 12, 24, 16], [0, 4, 12, 24, 16], [0, 5, 12, 25, 17], [0, 6, 12, 25, 17], [0, 7, 12, 25, 18], [1, 5, 12, 25, 17], [1, 6, 12, 25, 17], [1, 7, 12, 25, 18], [0, 8, 12, 26, 18], [0, 9, 12, 26, 20], [1, 8, 12, 26, 18], [1, 9, 12, 26, 20], [0, 10, 12, 27, 21], [0, 11, 12, 27, 21], [1, 10, 12, 27, 21], [1, 11, 12, 27, 21]
15, [1, 1, 15, 28, 22], [0, 1, 15, 28, 22], [1, 2, 15, 29, 23], [0, 2, 15, 29, 23], [0, 3, 15, 30, 23], [0, 4, 15, 30, 24], [0, 5, 15, 30, 25], [1, 3, 15, 30, 23], [1, 4, 15, 30, 24], [1, 5, 15, 30, 25], [0, 6, 15, 31, 25], [0, 7, 15, 31, 25], [0, 8, 15, 31, 26], [1, 6, 15, 31, 25], [1, 7, 15, 31, 25], [1, 8, 15, 31, 26], [1, 9, 15, 32, 26], [0, 9, 15, 32, 26], [1, 10, 15, 33, 27], [0, 10, 15, 33, 27]
18, [0, 2, 18, 34, 29], [0, 3, 18, 34, 30], [1, 2, 18, 34, 29], [1, 3, 18, 34, 30], [0, 4, 18, 35, 30], [0, 5, 18, 35, 30], [0, 6, 18, 35, 31], [1, 4, 18, 35, 30], [1, 5, 18, 35, 30], [1, 6, 18, 35, 31], [1, 7, 18, 36, 31], [0, 7, 18, 36, 31], [0, 8, 18, 37, 31], [0, 9, 18, 37, 32], [1, 8, 18, 37, 31], [1, 9, 18, 37, 32]
21, [0, 3, 21, 38, 34], [0, 4, 21, 38, 35], [1, 3, 21, 38, 34], [1, 4, 21, 38, 35], [1, 5, 21, 39, 35], [0, 5, 21, 39, 35], [0, 6, 21, 40, 35], [0, 7, 21, 40, 36], [0, 8, 21, 40, 37], [1, 6, 21, 40, 35], [1, 7, 21, 40, 36], [1, 8, 21, 40, 37]
24, [0, 4, 24, 41, 38], [0, 5, 24, 41, 39], [1, 4, 24, 41, 38], [1, 5, 24, 41, 39], [0, 6, 24, 42, 40], [0, 7, 24, 42, 40], [1, 6, 24, 42, 40], [1, 7, 24, 42, 40]
27, [0, 5, 27, 43, 41], [0, 6, 27, 43, 42], [1, 5, 27, 43, 41], [1, 6, 27, 43, 42]
image_path
configurations\\placeholder.jpg
