lego_bricks
1, 3003, White
2, 3003, White
3, 3003, White
4, 3003, White
5, 3003, White
6, 3003, White
7, 3010, White
8, 3010, White
10, 3010, White
11, 3010, White
12, 2456, White
14, 3003, White
15, 3003, White
16, 3002, White
17, 3002, White
18, 3010, White
19, 3010, White
20, 3010, White
21, 3010, White
22, 3004, White
23, 3004, White
32, 3003, Black
33, 3003, Black
34, 3003, White
35, 3010, White
36, 3010, White
37, 3010, White
38, 3010, White
39, 2456, White
40, 3010, White
41, 3010, White
occupied_space
0, [0, 0, 0, 1], [0, 1, 0, 1], [1, 0, 0, 1], [1, 1, 0, 1], [0, 3, 0, 2], [0, 4, 0, 2], [1, 3, 0, 2], [1, 4, 0, 2], [0, 6, 0, 3], [0, 7, 0, 3], [1, 6, 0, 3], [1, 7, 0, 3]
1, [0, 0, 1, 1], [0, 1, 1, 1], [1, 0, 1, 1], [1, 1, 1, 1], [0, 3, 1, 2], [0, 4, 1, 2], [1, 3, 1, 2], [1, 4, 1, 2], [0, 6, 1, 3], [0, 7, 1, 3], [1, 6, 1, 3], [1, 7, 1, 3]
2, [0, 0, 2, 1], [0, 1, 2, 1], [1, 0, 2, 1], [1, 1, 2, 1], [0, 3, 2, 2], [0, 4, 2, 2], [1, 3, 2, 2], [1, 4, 2, 2], [0, 6, 2, 3], [0, 7, 2, 3], [1, 6, 2, 3], [1, 7, 2, 3]
3, [0, 6, 3, 4], [0, 7, 3, 4], [1, 6, 3, 4], [1, 7, 3, 4], [0, 3, 3, 5], [0, 4, 3, 5], [1, 3, 3, 5], [1, 4, 3, 5], [0, 0, 3, 6], [0, 1, 3, 6], [1, 0, 3, 6], [1, 1, 3, 6]
4, [0, 6, 4, 4], [0, 7, 4, 4], [1, 6, 4, 4], [1, 7, 4, 4], [0, 3, 4, 5], [0, 4, 4, 5], [1, 3, 4, 5], [1, 4, 4, 5], [0, 0, 4, 6], [0, 1, 4, 6], [1, 0, 4, 6], [1, 1, 4, 6]
5, [0, 6, 5, 4], [0, 7, 5, 4], [1, 6, 5, 4], [1, 7, 5, 4], [0, 3, 5, 5], [0, 4, 5, 5], [1, 3, 5, 5], [1, 4, 5, 5], [0, 0, 5, 6], [0, 1, 5, 6], [1, 0, 5, 6], [1, 1, 5, 6]
6, [0, 0, 6, 7], [0, 1, 6, 7], [0, 2, 6, 7], [0, 3, 6, 7], [1, 0, 6, 8], [1, 1, 6, 8], [1, 2, 6, 8], [1, 3, 6, 8], [1, 4, 6, 10], [1, 5, 6, 10], [1, 6, 6, 10], [1, 7, 6, 10], [0, 4, 6, 11], [0, 5, 6, 11], [0, 6, 6, 11], [0, 7, 6, 11]
7, [0, 0, 7, 7], [0, 1, 7, 7], [0, 2, 7, 7], [0, 3, 7, 7], [1, 0, 7, 8], [1, 1, 7, 8], [1, 2, 7, 8], [1, 3, 7, 8], [1, 4, 7, 10], [1, 5, 7, 10], [1, 6, 7, 10], [1, 7, 7, 10], [0, 4, 7, 11], [0, 5, 7, 11], [0, 6, 7, 11], [0, 7, 7, 11]
8, [0, 0, 8, 7], [0, 1, 8, 7], [0, 2, 8, 7], [0, 3, 8, 7], [1, 0, 8, 8], [1, 1, 8, 8], [1, 2, 8, 8], [1, 3, 8, 8], [1, 4, 8, 10], [1, 5, 8, 10], [1, 6, 8, 10], [1, 7, 8, 10], [0, 4, 8, 11], [0, 5, 8, 11], [0, 6, 8, 11], [0, 7, 8, 11]
9, [0, 0, 9, 12], [0, 1, 9, 12], [0, 2, 9, 12], [0, 3, 9, 12], [0, 4, 9, 12], [0, 5, 9, 12], [1, 0, 9, 12], [1, 1, 9, 12], [1, 2, 9, 12], [1, 3, 9, 12], [1, 4, 9, 12], [1, 5, 9, 12], [0, 6, 9, 14], [0, 7, 9, 14], [1, 6, 9, 14], [1, 7, 9, 14]
10, [0, 0, 10, 12], [0, 1, 10, 12], [0, 2, 10, 12], [0, 3, 10, 12], [0, 4, 10, 12], [0, 5, 10, 12], [1, 0, 10, 12], [1, 1, 10, 12], [1, 2, 10, 12], [1, 3, 10, 12], [1, 4, 10, 12], [1, 5, 10, 12], [0, 6, 10, 14], [0, 7, 10, 14], [1, 6, 10, 14], [1, 7, 10, 14]
11, [0, 0, 11, 12], [0, 1, 11, 12], [0, 2, 11, 12], [0, 3, 11, 12], [0, 4, 11, 12], [0, 5, 11, 12], [1, 0, 11, 12], [1, 1, 11, 12], [1, 2, 11, 12], [1, 3, 11, 12], [1, 4, 11, 12], [1, 5, 11, 12], [0, 6, 11, 14], [0, 7, 11, 14], [1, 6, 11, 14], [1, 7, 11, 14]
12, [0, 0, 12, 15], [0, 1, 12, 15], [1, 0, 12, 15], [1, 1, 12, 15], [0, 2, 12, 16], [0, 3, 12, 16], [0, 4, 12, 16], [1, 2, 12, 16], [1, 3, 12, 16], [1, 4, 12, 16], [0, 5, 12, 17], [0, 6, 12, 17], [0, 7, 12, 17], [1, 5, 12, 17], [1, 6, 12, 17], [1, 7, 12, 17]
13, [0, 0, 13, 15], [0, 1, 13, 15], [1, 0, 13, 15], [1, 1, 13, 15], [0, 2, 13, 16], [0, 3, 13, 16], [0, 4, 13, 16], [1, 2, 13, 16], [1, 3, 13, 16], [1, 4, 13, 16], [0, 5, 13, 17], [0, 6, 13, 17], [0, 7, 13, 17], [1, 5, 13, 17], [1, 6, 13, 17], [1, 7, 13, 17]
14, [0, 0, 14, 15], [0, 1, 14, 15], [1, 0, 14, 15], [1, 1, 14, 15], [0, 2, 14, 16], [0, 3, 14, 16], [0, 4, 14, 16], [1, 2, 14, 16], [1, 3, 14, 16], [1, 4, 14, 16], [0, 5, 14, 17], [0, 6, 14, 17], [0, 7, 14, 17], [1, 5, 14, 17], [1, 6, 14, 17], [1, 7, 14, 17]
15, [0, 0, 15, 18], [0, 1, 15, 18], [0, 2, 15, 18], [0, 3, 15, 18], [1, 0, 15, 19], [1, 1, 15, 19], [1, 2, 15, 19], [1, 3, 15, 19], [1, 4, 15, 20], [1, 5, 15, 20], [1, 6, 15, 20], [1, 7, 15, 20], [0, 4, 15, 21], [0, 5, 15, 21], [0, 6, 15, 21], [0, 7, 15, 21]
16, [0, 0, 16, 18], [0, 1, 16, 18], [0, 2, 16, 18], [0, 3, 16, 18], [1, 0, 16, 19], [1, 1, 16, 19], [1, 2, 16, 19], [1, 3, 16, 19], [1, 4, 16, 20], [1, 5, 16, 20], [1, 6, 16, 20], [1, 7, 16, 20], [0, 4, 16, 21], [0, 5, 16, 21], [0, 6, 16, 21], [0, 7, 16, 21]
17, [0, 0, 17, 18], [0, 1, 17, 18], [0, 2, 17, 18], [0, 3, 17, 18], [1, 0, 17, 19], [1, 1, 17, 19], [1, 2, 17, 19], [1, 3, 17, 19], [1, 4, 17, 20], [1, 5, 17, 20], [1, 6, 17, 20], [1, 7, 17, 20], [0, 4, 17, 21], [0, 5, 17, 21], [0, 6, 17, 21], [0, 7, 17, 21]
18, [0, 0, 18, 22], [1, 0, 18, 22], [0, 7, 18, 23], [1, 7, 18, 23], [0, 1, 18, 32], [0, 2, 18, 32], [1, 1, 18, 32], [1, 2, 18, 32], [0, 5, 18, 33], [0, 6, 18, 33], [1, 5, 18, 33], [1, 6, 18, 33], [0, 3, 18, 34], [0, 4, 18, 34], [1, 3, 18, 34], [1, 4, 18, 34]
19, [0, 0, 19, 22], [1, 0, 19, 22], [0, 7, 19, 23], [1, 7, 19, 23], [0, 1, 19, 32], [0, 2, 19, 32], [1, 1, 19, 32], [1, 2, 19, 32], [0, 5, 19, 33], [0, 6, 19, 33], [1, 5, 19, 33], [1, 6, 19, 33], [0, 3, 19, 34], [0, 4, 19, 34], [1, 3, 19, 34], [1, 4, 19, 34]
20, [0, 0, 20, 22], [1, 0, 20, 22], [0, 7, 20, 23], [1, 7, 20, 23], [0, 1, 20, 32], [0, 2, 20, 32], [1, 1, 20, 32], [1, 2, 20, 32], [0, 5, 20, 33], [0, 6, 20, 33], [1, 5, 20, 33], [1, 6, 20, 33], [0, 3, 20, 34], [0, 4, 20, 34], [1, 3, 20, 34], [1, 4, 20, 34]
21, [0, 0, 21, 35], [0, 1, 21, 35], [0, 2, 21, 35], [0, 3, 21, 35], [1, 0, 21, 36], [1, 1, 21, 36], [1, 2, 21, 36], [1, 3, 21, 36], [1, 4, 21, 37], [1, 5, 21, 37], [1, 6, 21, 37], [1, 7, 21, 37], [0, 4, 21, 38], [0, 5, 21, 38], [0, 6, 21, 38], [0, 7, 21, 38]
22, [0, 0, 22, 35], [0, 1, 22, 35], [0, 2, 22, 35], [0, 3, 22, 35], [1, 0, 22, 36], [1, 1, 22, 36], [1, 2, 22, 36], [1, 3, 22, 36], [1, 4, 22, 37], [1, 5, 22, 37], [1, 6, 22, 37], [1, 7, 22, 37], [0, 4, 22, 38], [0, 5, 22, 38], [0, 6, 22, 38], [0, 7, 22, 38]
23, [0, 0, 23, 35], [0, 1, 23, 35], [0, 2, 23, 35], [0, 3, 23, 35], [1, 0, 23, 36], [1, 1, 23, 36], [1, 2, 23, 36], [1, 3, 23, 36], [1, 4, 23, 37], [1, 5, 23, 37], [1, 6, 23, 37], [1, 7, 23, 37], [0, 4, 23, 38], [0, 5, 23, 38], [0, 6, 23, 38], [0, 7, 23, 38]
24, [0, 1, 24, 39], [0, 2, 24, 39], [0, 3, 24, 39], [0, 4, 24, 39], [0, 5, 24, 39], [0, 6, 24, 39], [1, 1, 24, 39], [1, 2, 24, 39], [1, 3, 24, 39], [1, 4, 24, 39], [1, 5, 24, 39], [1, 6, 24, 39]
25, [0, 1, 25, 39], [0, 2, 25, 39], [0, 3, 25, 39], [0, 4, 25, 39], [0, 5, 25, 39], [0, 6, 25, 39], [1, 1, 25, 39], [1, 2, 25, 39], [1, 3, 25, 39], [1, 4, 25, 39], [1, 5, 25, 39], [1, 6, 25, 39]
26, [0, 1, 26, 39], [0, 2, 26, 39], [0, 3, 26, 39], [0, 4, 26, 39], [0, 5, 26, 39], [0, 6, 26, 39], [1, 1, 26, 39], [1, 2, 26, 39], [1, 3, 26, 39], [1, 4, 26, 39], [1, 5, 26, 39], [1, 6, 26, 39]
27, [0, 2, 27, 40], [0, 3, 27, 40], [0, 4, 27, 40], [0, 5, 27, 40], [1, 2, 27, 41], [1, 3, 27, 41], [1, 4, 27, 41], [1, 5, 27, 41]
28, [0, 2, 28, 40], [0, 3, 28, 40], [0, 4, 28, 40], [0, 5, 28, 40], [1, 2, 28, 41], [1, 3, 28, 41], [1, 4, 28, 41], [1, 5, 28, 41]
29, [0, 2, 29, 40], [0, 3, 29, 40], [0, 4, 29, 40], [0, 5, 29, 40], [1, 2, 29, 41], [1, 3, 29, 41], [1, 4, 29, 41], [1, 5, 29, 41]
occupied_studs
3, [0, 0, 3, 1, 6], [0, 1, 3, 1, 6], [1, 0, 3, 1, 6], [1, 1, 3, 1, 6], [0, 3, 3, 2, 5], [0, 4, 3, 2, 5], [1, 3, 3, 2, 5], [1, 4, 3, 2, 5], [0, 6, 3, 3, 4], [0, 7, 3, 3, 4], [1, 6, 3, 3, 4], [1, 7, 3, 3, 4]
6, [0, 6, 6, 4, 11], [0, 7, 6, 4, 11], [1, 6, 6, 4, 10], [1, 7, 6, 4, 10], [0, 3, 6, 5, 7], [0, 4, 6, 5, 11], [1, 3, 6, 5, 8], [1, 4, 6, 5, 10], [0, 0, 6, 6, 7], [0, 1, 6, 6, 7], [1, 0, 6, 6, 8], [1, 1, 6, 6, 8]
9, [0, 0, 9, 7, 12], [0, 1, 9, 7, 12], [0, 2, 9, 7, 12], [0, 3, 9, 7, 12], [1, 0, 9, 8, 12], [1, 1, 9, 8, 12], [1, 2, 9, 8, 12], [1, 3, 9, 8, 12], [1, 4, 9, 10, 12], [1, 5, 9, 10, 12], [1, 6, 9, 10, 14], [1, 7, 9, 10, 14], [0, 4, 9, 11, 12], [0, 5, 9, 11, 12], [0, 6, 9, 11, 14], [0, 7, 9, 11, 14]
12, [0, 0, 12, 12, 15], [0, 1, 12, 12, 15], [0, 2, 12, 12, 16], [0, 3, 12, 12, 16], [0, 4, 12, 12, 16], [0, 5, 12, 12, 17], [1, 0, 12, 12, 15], [1, 1, 12, 12, 15], [1, 2, 12, 12, 16], [1, 3, 12, 12, 16], [1, 4, 12, 12, 16], [1, 5, 12, 12, 17], [0, 6, 12, 14, 17], [0, 7, 12, 14, 17], [1, 6, 12, 14, 17], [1, 7, 12, 14, 17]
15, [0, 0, 15, 15, 18], [0, 1, 15, 15, 18], [1, 0, 15, 15, 19], [1, 1, 15, 15, 19], [0, 2, 15, 16, 18], [0, 3, 15, 16, 18], [0, 4, 15, 16, 21], [1, 2, 15, 16, 19], [1, 3, 15, 16, 19], [1, 4, 15, 16, 20], [0, 5, 15, 17, 21], [0, 6, 15, 17, 21], [0, 7, 15, 17, 21], [1, 5, 15, 17, 20], [1, 6, 15, 17, 20], [1, 7, 15, 17, 20]
18, [0, 0, 18, 18, 22], [0, 1, 18, 18, 32], [0, 2, 18, 18, 32], [0, 3, 18, 18, 34], [1, 0, 18, 19, 22], [1, 1, 18, 19, 32], [1, 2, 18, 19, 32], [1, 3, 18, 19, 34], [1, 4, 18, 20, 34], [1, 5, 18, 20, 33], [1, 6, 18, 20, 33], [1, 7, 18, 20, 23], [0, 4, 18, 21, 34], [0, 5, 18, 21, 33], [0, 6, 18, 21, 33], [0, 7, 18, 21, 23]
21, [0, 0, 21, 22, 35], [1, 0, 21, 22, 36], [0, 7, 21, 23, 38], [1, 7, 21, 23, 37], [0, 1, 21, 32, 35], [0, 2, 21, 32, 35], [1, 1, 21, 32, 36], [1, 2, 21, 32, 36], [0, 5, 21, 33, 38], [0, 6, 21, 33, 38], [1, 5, 21, 33, 37], [1, 6, 21, 33, 37], [0, 3, 21, 34, 35], [0, 4, 21, 34, 38], [1, 3, 21, 34, 36], [1, 4, 21, 34, 37]
24, [0, 0, 24, 35, 0], [0, 1, 24, 35, 39], [0, 2, 24, 35, 39], [0, 3, 24, 35, 39], [1, 0, 24, 36, 0], [1, 1, 24, 36, 39], [1, 2, 24, 36, 39], [1, 3, 24, 36, 39], [1, 4, 24, 37, 39], [1, 5, 24, 37, 39], [1, 6, 24, 37, 39], [1, 7, 24, 37, 0], [0, 4, 24, 38, 39], [0, 5, 24, 38, 39], [0, 6, 24, 38, 39], [0, 7, 24, 38, 0]
27, [0, 1, 27, 39, 0], [0, 2, 27, 39, 40], [0, 3, 27, 39, 40], [0, 4, 27, 39, 40], [0, 5, 27, 39, 40], [0, 6, 27, 39, 0], [1, 1, 27, 39, 0], [1, 2, 27, 39, 41], [1, 3, 27, 39, 41], [1, 4, 27, 39, 41], [1, 5, 27, 39, 41], [1, 6, 27, 39, 0]
30, [0, 2, 30, 40, 0], [0, 3, 30, 40, 0], [0, 4, 30, 40, 0], [0, 5, 30, 40, 0], [1, 2, 30, 41, 0], [1, 3, 30, 41, 0], [1, 4, 30, 41, 0], [1, 5, 30, 41, 0]
occupied_tubes
0, [0, 0, 0, 1, 0], [0, 1, 0, 1, 0], [1, 0, 0, 1, 0], [1, 1, 0, 1, 0], [0, 3, 0, 2, 0], [0, 4, 0, 2, 0], [1, 3, 0, 2, 0], [1, 4, 0, 2, 0], [0, 6, 0, 3, 0], [0, 7, 0, 3, 0], [1, 6, 0, 3, 0], [1, 7, 0, 3, 0]
3, [0, 6, 3, 4, 3], [0, 7, 3, 4, 3], [1, 6, 3, 4, 3], [1, 7, 3, 4, 3], [0, 3, 3, 5, 2], [0, 4, 3, 5, 2], [1, 3, 3, 5, 2], [1, 4, 3, 5, 2], [0, 0, 3, 6, 1], [0, 1, 3, 6, 1], [1, 0, 3, 6, 1], [1, 1, 3, 6, 1]
6, [0, 0, 6, 7, 6], [0, 1, 6, 7, 6], [0, 2, 6, 7, 0], [0, 3, 6, 7, 5], [1, 0, 6, 8, 6], [1, 1, 6, 8, 6], [1, 2, 6, 8, 0], [1, 3, 6, 8, 5], [1, 4, 6, 10, 5], [1, 5, 6, 10, 0], [1, 6, 6, 10, 4], [1, 7, 6, 10, 4], [0, 4, 6, 11, 5], [0, 5, 6, 11, 0], [0, 6, 6, 11, 4], [0, 7, 6, 11, 4]
9, [0, 0, 9, 12, 7], [0, 1, 9, 12, 7], [0, 2, 9, 12, 7], [0, 3, 9, 12, 7], [0, 4, 9, 12, 11], [0, 5, 9, 12, 11], [1, 0, 9, 12, 8], [1, 1, 9, 12, 8], [1, 2, 9, 12, 8], [1, 3, 9, 12, 8], [1, 4, 9, 12, 10], [1, 5, 9, 12, 10], [0, 6, 9, 14, 11], [0, 7, 9, 14, 11], [1, 6, 9, 14, 10], [1, 7, 9, 14, 10]
12, [0, 0, 12, 15, 12], [0, 1, 12, 15, 12], [1, 0, 12, 15, 12], [1, 1, 12, 15, 12], [0, 2, 12, 16, 12], [0, 3, 12, 16, 12], [0, 4, 12, 16, 12], [1, 2, 12, 16, 12], [1, 3, 12, 16, 12], [1, 4, 12, 16, 12], [0, 5, 12, 17, 12], [0, 6, 12, 17, 14], [0, 7, 12, 17, 14], [1, 5, 12, 17, 12], [1, 6, 12, 17, 14], [1, 7, 12, 17, 14]
15, [0, 0, 15, 18, 15], [0, 1, 15, 18, 15], [0, 2, 15, 18, 16], [0, 3, 15, 18, 16], [1, 0, 15, 19, 15], [1, 1, 15, 19, 15], [1, 2, 15, 19, 16], [1, 3, 15, 19, 16], [1, 4, 15, 20, 16], [1, 5, 15, 20, 17], [1, 6, 15, 20, 17], [1, 7, 15, 20, 17], [0, 4, 15, 21, 16], [0, 5, 15, 21, 17], [0, 6, 15, 21, 17], [0, 7, 15, 21, 17]
18, [0, 0, 18, 22, 18], [1, 0, 18, 22, 19], [0, 7, 18, 23, 21], [1, 7, 18, 23, 20], [0, 1, 18, 32, 18], [0, 2, 18, 32, 18], [1, 1, 18, 32, 19], [1, 2, 18, 32, 19], [0, 5, 18, 33, 21], [0, 6, 18, 33, 21], [1, 5, 18, 33, 20], [1, 6, 18, 33, 20], [0, 3, 18, 34, 18], [0, 4, 18, 34, 21], [1, 3, 18, 34, 19], [1, 4, 18, 34, 20]
21, [0, 0, 21, 35, 22], [0, 1, 21, 35, 32], [0, 2, 21, 35, 32], [0, 3, 21, 35, 34], [1, 0, 21, 36, 22], [1, 1, 21, 36, 32], [1, 2, 21, 36, 32], [1, 3, 21, 36, 34], [1, 4, 21, 37, 34], [1, 5, 21, 37, 33], [1, 6, 21, 37, 33], [1, 7, 21, 37, 23], [0, 4, 21, 38, 34], [0, 5, 21, 38, 33], [0, 6, 21, 38, 33], [0, 7, 21, 38, 23]
24, [0, 1, 24, 39, 35], [0, 2, 24, 39, 35], [0, 3, 24, 39, 35], [0, 4, 24, 39, 38], [0, 5, 24, 39, 38], [0, 6, 24, 39, 38], [1, 1, 24, 39, 36], [1, 2, 24, 39, 36], [1, 3, 24, 39, 36], [1, 4, 24, 39, 37], [1, 5, 24, 39, 37], [1, 6, 24, 39, 37]
27, [0, 2, 27, 40, 39], [0, 3, 27, 40, 39], [0, 4, 27, 40, 39], [0, 5, 27, 40, 39], [1, 2, 27, 41, 39], [1, 3, 27, 41, 39], [1, 4, 27, 41, 39], [1, 5, 27, 41, 39]
image_path
configurations\\placeholder.jpg
