lego_bricks
1, 3020, Blue
2, 3020, Blue
3, 3003, Blue
4, 3003, Blue
5, 3003, Blue
6, 3003, Blue
7, 3001, Blue
8, 3001, Blue
9, 3001, Blue
10, 3001, Blue
11, 3001, Blue
12, 3001, Blue
13, 3003, Blue
14, 3003, Blue
15, 3003, Blue
16, 3003, Blue
17, 3002, Blue
18, 3003, Blue
19, 3002, Blue
20, 3004, White
21, 3004, Black
22, 3004, White
23, 3004, Black
24, 3004, White
25, 3004, Black
26, 3004, White
27, 3004, Black
occupied_space
0, [0, 1, 0, 1], [1, 1, 0, 1], [2, 1, 0, 1], [3, 1, 0, 1], [0, 0, 0, 1], [1, 0, 0, 1], [2, 0, 0, 1], [3, 0, 0, 1], [0, 8, 0, 2], [1, 8, 0, 2], [2, 8, 0, 2], [3, 8, 0, 2], [0, 7, 0, 2], [1, 7, 0, 2], [2, 7, 0, 2], [3, 7, 0, 2]
1, [0, 0, 1, 3], [0, 1, 1, 3], [1, 0, 1, 3], [1, 1, 1, 3], [0, 7, 1, 5], [0, 8, 1, 5], [1, 7, 1, 5], [1, 8, 1, 5]
2, [0, 0, 2, 3], [0, 1, 2, 3], [1, 0, 2, 3], [1, 1, 2, 3], [0, 7, 2, 5], [0, 8, 2, 5], [1, 7, 2, 5], [1, 8, 2, 5]
3, [0, 0, 3, 3], [0, 1, 3, 3], [1, 0, 3, 3], [1, 1, 3, 3], [0, 7, 3, 5], [0, 8, 3, 5], [1, 7, 3, 5], [1, 8, 3, 5]
4, [0, 0, 4, 4], [0, 1, 4, 4], [1, 0, 4, 4], [1, 1, 4, 4], [0, 7, 4, 6], [0, 8, 4, 6], [1, 7, 4, 6], [1, 8, 4, 6]
5, [0, 0, 5, 4], [0, 1, 5, 4], [1, 0, 5, 4], [1, 1, 5, 4], [0, 7, 5, 6], [0, 8, 5, 6], [1, 7, 5, 6], [1, 8, 5, 6]
6, [0, 0, 6, 4], [0, 1, 6, 4], [1, 0, 6, 4], [1, 1, 6, 4], [0, 7, 6, 6], [0, 8, 6, 6], [1, 7, 6, 6], [1, 8, 6, 6]
7, [0, 0, 7, 7], [0, 1, 7, 7], [0, 2, 7, 7], [0, 3, 7, 7], [1, 0, 7, 7], [1, 1, 7, 7], [1, 2, 7, 7], [1, 3, 7, 7], [0, 4, 7, 8], [0, 5, 7, 8], [0, 6, 7, 8], [0, 7, 7, 8], [1, 4, 7, 8], [1, 5, 7, 8], [1, 6, 7, 8], [1, 7, 7, 8]
8, [0, 0, 8, 7], [0, 1, 8, 7], [0, 2, 8, 7], [0, 3, 8, 7], [1, 0, 8, 7], [1, 1, 8, 7], [1, 2, 8, 7], [1, 3, 8, 7], [0, 4, 8, 8], [0, 5, 8, 8], [0, 6, 8, 8], [0, 7, 8, 8], [1, 4, 8, 8], [1, 5, 8, 8], [1, 6, 8, 8], [1, 7, 8, 8]
9, [0, 0, 9, 7], [0, 1, 9, 7], [0, 2, 9, 7], [0, 3, 9, 7], [1, 0, 9, 7], [1, 1, 9, 7], [1, 2, 9, 7], [1, 3, 9, 7], [0, 4, 9, 8], [0, 5, 9, 8], [0, 6, 9, 8], [0, 7, 9, 8], [1, 4, 9, 8], [1, 5, 9, 8], [1, 6, 9, 8], [1, 7, 9, 8]
10, [0, 1, 10, 9], [1, 1, 10, 9], [2, 1, 10, 9], [3, 1, 10, 9], [0, 0, 10, 9], [1, 0, 10, 9], [2, 0, 10, 9], [3, 0, 10, 9], [0, 3, 10, 10], [1, 3, 10, 10], [2, 3, 10, 10], [3, 3, 10, 10], [0, 2, 10, 10], [1, 2, 10, 10], [2, 2, 10, 10], [3, 2, 10, 10], [0, 5, 10, 11], [1, 5, 10, 11], [2, 5, 10, 11], [3, 5, 10, 11], [0, 4, 10, 11], [1, 4, 10, 11], [2, 4, 10, 11], [3, 4, 10, 11], [0, 7, 10, 12], [1, 7, 10, 12], [2, 7, 10, 12], [3, 7, 10, 12], [0, 6, 10, 12], [1, 6, 10, 12], [2, 6, 10, 12], [3, 6, 10, 12]
11, [0, 1, 11, 9], [1, 1, 11, 9], [2, 1, 11, 9], [3, 1, 11, 9], [0, 0, 11, 9], [1, 0, 11, 9], [2, 0, 11, 9], [3, 0, 11, 9], [0, 3, 11, 10], [1, 3, 11, 10], [2, 3, 11, 10], [3, 3, 11, 10], [0, 2, 11, 10], [1, 2, 11, 10], [2, 2, 11, 10], [3, 2, 11, 10], [0, 5, 11, 11], [1, 5, 11, 11], [2, 5, 11, 11], [3, 5, 11, 11], [0, 4, 11, 11], [1, 4, 11, 11], [2, 4, 11, 11], [3, 4, 11, 11], [0, 7, 11, 12], [1, 7, 11, 12], [2, 7, 11, 12], [3, 7, 11, 12], [0, 6, 11, 12], [1, 6, 11, 12], [2, 6, 11, 12], [3, 6, 11, 12]
12, [0, 1, 12, 9], [1, 1, 12, 9], [2, 1, 12, 9], [3, 1, 12, 9], [0, 0, 12, 9], [1, 0, 12, 9], [2, 0, 12, 9], [3, 0, 12, 9], [0, 3, 12, 10], [1, 3, 12, 10], [2, 3, 12, 10], [3, 3, 12, 10], [0, 2, 12, 10], [1, 2, 12, 10], [2, 2, 12, 10], [3, 2, 12, 10], [0, 5, 12, 11], [1, 5, 12, 11], [2, 5, 12, 11], [3, 5, 12, 11], [0, 4, 12, 11], [1, 4, 12, 11], [2, 4, 12, 11], [3, 4, 12, 11], [0, 7, 12, 12], [1, 7, 12, 12], [2, 7, 12, 12], [3, 7, 12, 12], [0, 6, 12, 12], [1, 6, 12, 12], [2, 6, 12, 12], [3, 6, 12, 12]
13, [0, 0, 13, 13], [0, 1, 13, 13], [1, 0, 13, 13], [1, 1, 13, 13], [0, 2, 13, 14], [0, 3, 13, 14], [1, 2, 13, 14], [1, 3, 13, 14], [0, 4, 13, 15], [0, 5, 13, 15], [1, 4, 13, 15], [1, 5, 13, 15], [0, 6, 13, 16], [0, 7, 13, 16], [1, 6, 13, 16], [1, 7, 13, 16], [2, 0, 13, 20], [3, 0, 13, 20], [2, 1, 13, 21], [3, 1, 13, 21], [2, 2, 13, 22], [3, 2, 13, 22], [2, 3, 13, 23], [3, 3, 13, 23], [2, 4, 13, 24], [3, 4, 13, 24], [2, 5, 13, 25], [3, 5, 13, 25], [2, 6, 13, 26], [3, 6, 13, 26], [2, 7, 13, 27], [3, 7, 13, 27]
14, [0, 0, 14, 13], [0, 1, 14, 13], [1, 0, 14, 13], [1, 1, 14, 13], [0, 2, 14, 14], [0, 3, 14, 14], [1, 2, 14, 14], [1, 3, 14, 14], [0, 4, 14, 15], [0, 5, 14, 15], [1, 4, 14, 15], [1, 5, 14, 15], [0, 6, 14, 16], [0, 7, 14, 16], [1, 6, 14, 16], [1, 7, 14, 16], [2, 0, 14, 20], [3, 0, 14, 20], [2, 1, 14, 21], [3, 1, 14, 21], [2, 2, 14, 22], [3, 2, 14, 22], [2, 3, 14, 23], [3, 3, 14, 23], [2, 4, 14, 24], [3, 4, 14, 24], [2, 5, 14, 25], [3, 5, 14, 25], [2, 6, 14, 26], [3, 6, 14, 26], [2, 7, 14, 27], [3, 7, 14, 27]
15, [0, 0, 15, 13], [0, 1, 15, 13], [1, 0, 15, 13], [1, 1, 15, 13], [0, 2, 15, 14], [0, 3, 15, 14], [1, 2, 15, 14], [1, 3, 15, 14], [0, 4, 15, 15], [0, 5, 15, 15], [1, 4, 15, 15], [1, 5, 15, 15], [0, 6, 15, 16], [0, 7, 15, 16], [1, 6, 15, 16], [1, 7, 15, 16], [2, 0, 15, 20], [3, 0, 15, 20], [2, 1, 15, 21], [3, 1, 15, 21], [2, 2, 15, 22], [3, 2, 15, 22], [2, 3, 15, 23], [3, 3, 15, 23], [2, 4, 15, 24], [3, 4, 15, 24], [2, 5, 15, 25], [3, 5, 15, 25], [2, 6, 15, 26], [3, 6, 15, 26], [2, 7, 15, 27], [3, 7, 15, 27]
16, [0, 0, 16, 17], [0, 1, 16, 17], [0, 2, 16, 17], [1, 0, 16, 17], [1, 1, 16, 17], [1, 2, 16, 17], [0, 3, 16, 18], [0, 4, 16, 18], [1, 3, 16, 18], [1, 4, 16, 18], [0, 5, 16, 19], [0, 6, 16, 19], [0, 7, 16, 19], [1, 5, 16, 19], [1, 6, 16, 19], [1, 7, 16, 19]
17, [0, 0, 17, 17], [0, 1, 17, 17], [0, 2, 17, 17], [1, 0, 17, 17], [1, 1, 17, 17], [1, 2, 17, 17], [0, 3, 17, 18], [0, 4, 17, 18], [1, 3, 17, 18], [1, 4, 17, 18], [0, 5, 17, 19], [0, 6, 17, 19], [0, 7, 17, 19], [1, 5, 17, 19], [1, 6, 17, 19], [1, 7, 17, 19]
18, [0, 0, 18, 17], [0, 1, 18, 17], [0, 2, 18, 17], [1, 0, 18, 17], [1, 1, 18, 17], [1, 2, 18, 17], [0, 3, 18, 18], [0, 4, 18, 18], [1, 3, 18, 18], [1, 4, 18, 18], [0, 5, 18, 19], [0, 6, 18, 19], [0, 7, 18, 19], [1, 5, 18, 19], [1, 6, 18, 19], [1, 7, 18, 19]
occupied_studs
1, [0, 1, 1, 1, 3], [1, 1, 1, 1, 3], [2, 1, 1, 1, 0], [3, 1, 1, 1, 0], [0, 0, 1, 1, 3], [1, 0, 1, 1, 3], [2, 0, 1, 1, 0], [3, 0, 1, 1, 0], [0, 8, 1, 2, 5], [1, 8, 1, 2, 5], [2, 8, 1, 2, 0], [3, 8, 1, 2, 0], [0, 7, 1, 2, 5], [1, 7, 1, 2, 5], [2, 7, 1, 2, 0], [3, 7, 1, 2, 0]
4, [0, 0, 4, 3, 4], [0, 1, 4, 3, 4], [1, 0, 4, 3, 4], [1, 1, 4, 3, 4], [0, 7, 4, 5, 6], [0, 8, 4, 5, 6], [1, 7, 4, 5, 6], [1, 8, 4, 5, 6]
7, [0, 0, 7, 4, 7], [0, 1, 7, 4, 7], [1, 0, 7, 4, 7], [1, 1, 7, 4, 7], [0, 7, 7, 6, 8], [0, 8, 7, 6, 0], [1, 7, 7, 6, 8], [1, 8, 7, 6, 0]
10, [0, 0, 10, 7, 9], [0, 1, 10, 7, 9], [0, 2, 10, 7, 10], [0, 3, 10, 7, 10], [1, 0, 10, 7, 9], [1, 1, 10, 7, 9], [1, 2, 10, 7, 10], [1, 3, 10, 7, 10], [0, 4, 10, 8, 11], [0, 5, 10, 8, 11], [0, 6, 10, 8, 12], [0, 7, 10, 8, 12], [1, 4, 10, 8, 11], [1, 5, 10, 8, 11], [1, 6, 10, 8, 12], [1, 7, 10, 8, 12]
13, [0, 1, 13, 9, 13], [1, 1, 13, 9, 13], [2, 1, 13, 9, 21], [3, 1, 13, 9, 21], [0, 0, 13, 9, 13], [1, 0, 13, 9, 13], [2, 0, 13, 9, 20], [3, 0, 13, 9, 20], [0, 3, 13, 10, 14], [1, 3, 13, 10, 14], [2, 3, 13, 10, 23], [3, 3, 13, 10, 23], [0, 2, 13, 10, 14], [1, 2, 13, 10, 14], [2, 2, 13, 10, 22], [3, 2, 13, 10, 22], [0, 5, 13, 11, 15], [1, 5, 13, 11, 15], [2, 5, 13, 11, 25], [3, 5, 13, 11, 25], [0, 4, 13, 11, 15], [1, 4, 13, 11, 15], [2, 4, 13, 11, 24], [3, 4, 13, 11, 24], [0, 7, 13, 12, 16], [1, 7, 13, 12, 16], [2, 7, 13, 12, 27], [3, 7, 13, 12, 27], [0, 6, 13, 12, 16], [1, 6, 13, 12, 16], [2, 6, 13, 12, 26], [3, 6, 13, 12, 26]
16, [0, 0, 16, 13, 17], [0, 1, 16, 13, 17], [1, 0, 16, 13, 17], [1, 1, 16, 13, 17], [0, 2, 16, 14, 17], [0, 3, 16, 14, 18], [1, 2, 16, 14, 17], [1, 3, 16, 14, 18], [0, 4, 16, 15, 18], [0, 5, 16, 15, 19], [1, 4, 16, 15, 18], [1, 5, 16, 15, 19], [0, 6, 16, 16, 19], [0, 7, 16, 16, 19], [1, 6, 16, 16, 19], [1, 7, 16, 16, 19], [2, 0, 16, 20, 0], [3, 0, 16, 20, 0], [2, 1, 16, 21, 0], [3, 1, 16, 21, 0], [2, 2, 16, 22, 0], [3, 2, 16, 22, 0], [2, 3, 16, 23, 0], [3, 3, 16, 23, 0], [2, 4, 16, 24, 0], [3, 4, 16, 24, 0], [2, 5, 16, 25, 0], [3, 5, 16, 25, 0], [2, 6, 16, 26, 0], [3, 6, 16, 26, 0], [2, 7, 16, 27, 0], [3, 7, 16, 27, 0]
19, [0, 0, 19, 17, 0], [0, 1, 19, 17, 0], [0, 2, 19, 17, 0], [1, 0, 19, 17, 0], [1, 1, 19, 17, 0], [1, 2, 19, 17, 0], [0, 3, 19, 18, 0], [0, 4, 19, 18, 0], [1, 3, 19, 18, 0], [1, 4, 19, 18, 0], [0, 5, 19, 19, 0], [0, 6, 19, 19, 0], [0, 7, 19, 19, 0], [1, 5, 19, 19, 0], [1, 6, 19, 19, 0], [1, 7, 19, 19, 0]
occupied_tubes
0, [0, 1, 0, 1, 0], [1, 1, 0, 1, 0], [2, 1, 0, 1, 0], [3, 1, 0, 1, 0], [0, 0, 0, 1, 0], [1, 0, 0, 1, 0], [2, 0, 0, 1, 0], [3, 0, 0, 1, 0], [0, 8, 0, 2, 0], [1, 8, 0, 2, 0], [2, 8, 0, 2, 0], [3, 8, 0, 2, 0], [0, 7, 0, 2, 0], [1, 7, 0, 2, 0], [2, 7, 0, 2, 0], [3, 7, 0, 2, 0]
1, [0, 0, 1, 3, 1], [0, 1, 1, 3, 1], [1, 0, 1, 3, 1], [1, 1, 1, 3, 1], [0, 7, 1, 5, 2], [0, 8, 1, 5, 2], [1, 7, 1, 5, 2], [1, 8, 1, 5, 2]
4, [0, 0, 4, 4, 3], [0, 1, 4, 4, 3], [1, 0, 4, 4, 3], [1, 1, 4, 4, 3], [0, 7, 4, 6, 5], [0, 8, 4, 6, 5], [1, 7, 4, 6, 5], [1, 8, 4, 6, 5]
7, [0, 0, 7, 7, 4], [0, 1, 7, 7, 4], [0, 2, 7, 7, 0], [0, 3, 7, 7, 0], [1, 0, 7, 7, 4], [1, 1, 7, 7, 4], [1, 2, 7, 7, 0], [1, 3, 7, 7, 0], [0, 4, 7, 8, 0], [0, 5, 7, 8, 0], [0, 6, 7, 8, 0], [0, 7, 7, 8, 6], [1, 4, 7, 8, 0], [1, 5, 7, 8, 0], [1, 6, 7, 8, 0], [1, 7, 7, 8, 6]
10, [0, 1, 10, 9, 7], [1, 1, 10, 9, 7], [2, 1, 10, 9, 0], [3, 1, 10, 9, 0], [0, 0, 10, 9, 7], [1, 0, 10, 9, 7], [2, 0, 10, 9, 0], [3, 0, 10, 9, 0], [0, 3, 10, 10, 7], [1, 3, 10, 10, 7], [2, 3, 10, 10, 0], [3, 3, 10, 10, 0], [0, 2, 10, 10, 7], [1, 2, 10, 10, 7], [2, 2, 10, 10, 0], [3, 2, 10, 10, 0], [0, 5, 10, 11, 8], [1, 5, 10, 11, 8], [2, 5, 10, 11, 0], [3, 5, 10, 11, 0], [0, 4, 10, 11, 8], [1, 4, 10, 11, 8], [2, 4, 10, 11, 0], [3, 4, 10, 11, 0], [0, 7, 10, 12, 8], [1, 7, 10, 12, 8], [2, 7, 10, 12, 0], [3, 7, 10, 12, 0], [0, 6, 10, 12, 8], [1, 6, 10, 12, 8], [2, 6, 10, 12, 0], [3, 6, 10, 12, 0]
13, [0, 0, 13, 13, 9], [0, 1, 13, 13, 9], [1, 0, 13, 13, 9], [1, 1, 13, 13, 9], [0, 2, 13, 14, 10], [0, 3, 13, 14, 10], [1, 2, 13, 14, 10], [1, 3, 13, 14, 10], [0, 4, 13, 15, 11], [0, 5, 13, 15, 11], [1, 4, 13, 15, 11], [1, 5, 13, 15, 11], [0, 6, 13, 16, 12], [0, 7, 13, 16, 12], [1, 6, 13, 16, 12], [1, 7, 13, 16, 12], [2, 0, 13, 20, 9], [3, 0, 13, 20, 9], [2, 1, 13, 21, 9], [3, 1, 13, 21, 9], [2, 2, 13, 22, 10], [3, 2, 13, 22, 10], [2, 3, 13, 23, 10], [3, 3, 13, 23, 10], [2, 4, 13, 24, 11], [3, 4, 13, 24, 11], [2, 5, 13, 25, 11], [3, 5, 13, 25, 11], [2, 6, 13, 26, 12], [3, 6, 13, 26, 12], [2, 7, 13, 27, 12], [3, 7, 13, 27, 12]
16, [0, 0, 16, 17, 13], [0, 1, 16, 17, 13], [0, 2, 16, 17, 14], [1, 0, 16, 17, 13], [1, 1, 16, 17, 13], [1, 2, 16, 17, 14], [0, 3, 16, 18, 14], [0, 4, 16, 18, 15], [1, 3, 16, 18, 14], [1, 4, 16, 18, 15], [0, 5, 16, 19, 15], [0, 6, 16, 19, 16], [0, 7, 16, 19, 16], [1, 5, 16, 19, 15], [1, 6, 16, 19, 16], [1, 7, 16, 19, 16]
image_path
configurations\\18.jpg
